23333 0 23270
28881 1 28867
29922 3 29909
30679 0 30674
55588 18357 37229
62005 25705 36298
63360 25550 37781
63375 27225 36146
89098 51762 37334
92972 57993 34971
90628 55459 35167
92341 55847 36491
115418 82207 33209
122389 86093 36295
125086 88936 36148
129295 89235 40059
146410 112619 33791
150525 119596 30927
156600 122681 33916
157132 123772 33359
175487 141032 34453
180789 146047 34724
190037 152024 38009
193198 154812 38385
213809 172201 41606
214242 174754 39486
222250 184109 38139
221818 187277 34540
236466 207425 29041
240307 209239 31067
245345 214871 30390
248759 216794 31962
256118 228492 27625
257811 233768 24042
262303 240931 21370
262227 240733 21492
277187 251009 26170
278431 251569 26861
284225 257636 26587
285784 257602 28179
300378 274953 25424
302255 277046 25207
308685 282603 26080
306045 279839 26205
319226 295115 24110
316220 293890 22329
323002 300912 22089
325542 302281 23260
339855 315376 24478
339281 314239 25041
347107 320753 26352
348581 323130 25451
362640 337289 25348
361650 336579 25069
366605 343262 23337
368085 344548 23532
382902 358850 24049
383518 358969 24546
389790 364438 25349
391244 365520 25724
407271 380145 27124
408263 381220 27042
413044 388016 25027
413985 387361 26624
432515 403291 29219
430986 402748 28237
436116 407967 28147
437624 408980 28642
448869 425436 23432
449620 425526 24094
454945 429841 25102
462172 433802 28367
471841 446900 24941
473498 447494 25999
477415 453338 24076
483357 460682 22671
493403 470565 22838
495485 472169 23310
499284 475084 24199
506608 480058 26549
517547 490457 27089
519515 492640 26874
523741 497416 26324
532604 505995 26608
542401 516178 26220
541435 515943 25488
545195 520436 24757
551376 528066 23304
560777 538659 22117
560969 539139 21827
561622 540175 21447
569735 547245 22490
578719 556592 22126
579399 557225 22173
584915 560637 24277
594522 568345 26176
611932 576695 35237
613246 576888 36356
616104 581402 34701
619520 591316 28203
