400
355
439
313
586
781
793
228
574
442
348
56
9
8
9
358
12
9
9
11
9
9
344
93
10
328
61
8
8
343
8
365
116
8
8
9
59
119
265
233
181
410
384
277
815
355
301
5
696
655
628
396
341
60
280
685
168
18
74
318
459
446
492
38
211
318
96
177
181
167
161
802
227
203
203
656
111
13
665
619
545
427
90
91
309
985
905
824
878
873
366
229
867
839
668
594
286
672
510
298
500
288
78
411
768
564
296
14
146
26
289
768
638
518
268
132
8
55
397
389
430
413
380
295
106
56
819
66
114
788
351
802
494
203
155
9
845
138
21
527
493
329
231
446
9
840
239
127
168
868
540
439
35
206
723
574
277
84
456
227
316
271
42
104
342
654
489
240
248
205
118
424
206
30
397
63
681
195
133
233
160
154
98
649
642
621
406
246
88
22
84
300
468
295
338
469
100
215
307
267
215
285
170
62
60
329
143
27
267
263
8
43
107
185
576
343
572
529
400
247
132
225
417
350
241
153
43
673
346
252
249
413
11
8
129
269
80
8
243
135
368
184
247
30
421
467
239
467
7
105
225
536
545
23
662
220
151
136
120
7
8
8
7
7
7
55
8
9
18
7
8
13
8
8
9
57
90
7
9
8
132
9
114
58
47
8
7
9
15
8
7
9
125
9
8
7
364
329
452
183
34
285
143
223
20
261
401
282
649
366
230
192
225
68
17
345
196
230
943
707
498
76
402
423
363
346
299
373
684
681
387
83
212
65
492
98
405
393
54
37
618
617
456
496
525
370
416
615
269
105
341
641
377
239
284
340
642
368
233
228
321
758
20
324
822
818
725
805
517
377
197
188
297
185
137
339
467
447
322
242
391
100
314
619
669
749
165
201
171
1031
988
780
761
696
391
276
256
200
153
129
221
8
622
32
12
49
408
320
202
16
337
452
334
194
421
184
113
336
659
561
337
143
136
22
8
23
130
152
18
697
408
374
98
113
115
89
80
292
676
643
530
526
435
241
557
354
289
443
352
8
227
258
267
340
55
9
13
72
710
568
350
449
424
6
445
424
312
373
340
370
333
265
78
68
321
62
42
800
486
394
245
121
307
499
120
155
68
85
46
6
11
6
143
97
35
263
193
386
269
224
169
318
385
174
174
50
376
270
194
7
82
127
309
460
35
296
382
242
106
191
179
598
443
323
146
671
530
6
6
819
754
571
300
7
103
6
44
7
7
8
84
7
6
7
6
39
46
17
8
41
54
14
109
10
7
8
8
8
240
407
231
414
403
273
211
293
346
293
94
565
530
281
584
580
572
569
396
292
186
165
138
89
16
99
48
8
8
20
369
188
402
563
550
536
545
446
398
281
765
119
360
349
105
652
694
656
112
151
6
7
295
545
146
333
78
685
458
160
22
76
439
305
203
612
235
214
151
180
180
585
388
81
120
308
413
111
219
119
294
271
187
101
153
216
58
74
350
104
721
642
481
474
438
938
599
556
308
211
140
193
790
402
638
333
317
207
272
244
1097
222
199
181
251
197
336
685
495
297
294
117
7
239
11
426
54
8
127
111
46
128
454
65
266
365
139
132
856
713
688
519
257
512
344
541
519
122
322
252
9
188
135
727
427
10
282
304
174
187
380
255
269
117
403
417
300
266
184
390
225
23
840
789
654
219
8
677
471
224
126
351
607
851
1080
1682
1432
1672
835
478
353
318
332
609
607
508
123
417
73
208
33
8
124
344
229
594
383
119
9
11
9
8
59
40
7
9
8
13
7
8
8
111
8
15
8
66
72
7
109
138
11
140
145
87
69
8
8
47
105
276
421
341
398
8
279
530
495
442
429
317
408
311
140
226
216
253
113
22
602
682
524
606
511
324
255
14
1800
1370
798
578
300
745
879
187
94
367
535
448
783
168
95
46
707
676
55
695
681
156
105
84
603
170
10
190
158
196
43
320
97
305
177
306
243
8
292
738
395
97
280
541
478
266
38
29
22
62
216
509
190
56
320
98
637
373
320
252
89
223
8
325
208
116
103
672
427
8
648
680
625
495
40
685
554
319
241
125
8
218
84
374
403
854
75
106
354
506
151
303
91
57
947
427
546
563
330
368
348
112
282
486
597
328
597
117
350
474
463
87
151
58
10
9
7
124
127
8
73
688
82
289
311
346
8
812
329
748
795
134
116
441
672
26
332
242
205
265
63
1108
1321
841
262
116
283
264
464
296
614
467
31
149
12
560
169
609
12
238
122
250
449
79
188
46
90
176
118
141
54
294
56
294
315
78
