536
514
509
502
582
476
553
696
590
673
579
714
864
690
883
847
773
806
929
1084
1047
953
894
983
1167
1210
1104
1079
1108
1126
1365
1344
1420
1298
1399
1340
1569
1632
1619
1584
1567
1639
1897
1814
1911
1873
1753
1796
2019
1866
1929
1976
1876
1974
2173
2179
2229
2171
2156
2232
2408
2413
2432
2406
2370
2529
2621
2698
2702
2674
2614
2617
2608
2719
2617
2426
2406
2627
2690
2757
2637
2711
2747
2829
2887
2914
2943
2991
2859
3060
3103
3185
3024
3251
3055
3290
3340
3459
3214
3159
3449
3339
3443
3418
3408
3272
3282
3388
3469
3291
3592
3500
3349
3418
3480
3564
3603
3534
3547
3657
3640
3615
3760
3965
3757
3679
3636
3546
3566
3709
3626
3768
3797
4108
4087
4045
3977
4082
4127
4211
4244
4268
4278
4466
4476
4473
4487
4446
4510
4617
4640
4596
4611
4566
4616
4694
4561
4474
4349
4407
4484
4668
4689
4632
4671
4727
4774
4853
4874
4942
4945
4852
4901
5007
4960
5050
5066
5163
5216
5333
5413
5350
5458
5467
5474
5594
5641
5643
5799
5836
5816
5916
5567
5801
5746
5684
5740
5765
5491
5420
5597
5616
5643
5734
5815
5698
5845
5943
5824
5954
5974
5913
5878
5988
5888
5860
5822
5996
6100
6128
5957
6057
6037
6302
6300
6284
6301
6379
6454
6447
6550
6622
6532
6562
6596
6702
6853
6870
6667
6557
6631
6672
6805
6865
6849
6885
6881
7071
7112
7062
7068
7110
7173
7183
7266
7358
7322
7286
7355
7529
7598
7687
7698
7683
7671
7983
7948
7935
7980
8019
7985
8120
8229
8197
8126
8081
8180
8048
8138
8182
8187
8230
8309
8341
8459
8404
8466
8537
8481
8471
8592
8635
8668
8735
8774
8775
8831
8889
8932
9018
8961
8978
9160
9200
9270
9161
9181
9020
9187
9211
9268
9205
9244
9276
9334
9363
9482
9434
9365
9303
9465
9537
9624
9662
9690
9692
9836
9928
9991
10018
10089
10084
10203
10332
10360
10296
10290
10218
10314
10430
10438
10526
10325
10519
10451
10599
10562
10594
10585
10496
10633
10760
10787
10874
10895
10912
10993
11124
11070
11065
10954
10959
11060
11137
11227
11231
11241
11254
11364
11427
11470
11477
11449
11438
11505
11589
11577
11632
11618
11640
11765
11857
11871
11907
11770
11899
11878
12075
12010
12020
12057
12082
12153
12347
12383
12441
12354
12355
12400
12543
12595
12544
12656
12635
12630
12768
12728
12733
12735
12671
12786
12794
12868
12918
12808
12878
12930
13127
13181
13204
13191
13217
13276
13399
13290
13438
13415
13439
13467
13586
13623
13592
13604
13491
13480
13525
13579
13432
13648
13382
13376
13577
13592
13538
13670
13561
13544
13596
13751
13922
13922
13857
13838
13899
13891
13828
13906
14003
14021
14205
14242
14270
14313
14327
14325
14497
14533
14501
14582
14670
14663
14841
14916
14918
15197
15165
15097
15083
15105
15123
15249
15257
15297
15341
15384
15402
15412
15384
15440
15461
15498
15513
15594
15622
15691
15785
15841
15846
15761
15798
15888
15947
15895
15938
16046
16084
16239
16236
16182
16143
16213
16252
16382
16476
16479
16521
16593
16557
16785
16784
16801
16825
16922
16919
17044
17042
16848
16873
16947
16821
16922
16957
16983
16921
16992
17029
17129
17175
17187
17235
17362
17394
17459
17480
17425
17534
17569
17591
17589
17635
17677
17696
17919
17949
17935
17944
18023
18014
18238
18224
18248
18237
18242
18385
18519
18511
18592
18546
18549
18743
18867
18855
18889
18932
18886
19053
19182
19198
19285
19276
19197
19143
19304
19410
19338
19292
19457
19465
19553
19506
19524
19646
19578
19715
19785
19812
19822
19666
19802
19758
19906
19948
19986
19938
20047
20080
20262
20237
20297
20377
20379
20347
20476
20456
20485
20537
20500
20544
20638
20576
20643
20650
20705
20665
20736
20800
20907
20933
20930
21018
21075
20980
21063
21099
20987
21153
21181
21211
21261
21290
21314
21274
21377
21454
21504
21533
21576
21619
21640
21746
21785
21781
21659
21825
21830
21917
22004
22062
22375
22370
22325
22228
22340
22312
22274
22341
22472
22384
22433
22405
22432
22517
22583
22676
22695
22618
22538
22556
22667
22782
22771
22719
22699
22645
22817
22853
22876
22884
22898
22891
23033
22899
22937
22971
22953
22867
23023
22950
23035
22976
22965
23007
23203
23139
23259
23124
23263
23153
23433
23414
23301
23341
23307
23291
23436
23416
23493
23506
23540
23596
23687
23822
23883
23942
23954
23957
24049
24138
24239
24286
24276
24262
24412
24518
24462
24591
24548
24550
24679
24778
24844
24862
24916
24689
24973
25001
25028
24947
25056
25050
25101
25111
25213
25189
25206
25171
25326
25401
25215
25233
25302
25167
25235
25261
25266
25346
25176
25218
25291
25337
25415
25507
25481
25566
25631
25725
25800
25894
25923
25899
25745
25775
25811
25891
25975
25962
26062
26181
26192
26168
26318
26228
26394
26361
26229
26289
26321
26388
26394
26442
26593
26467
26440
26574
26649
26776
26821
26755
26738
26802
26886
26964
27040
27042
27080
27190
27003
27095
27147
27119
27067
27210
27283
27384
27361
27437
27359
27520
27558
27557
27652
27752
27608
27569
27523
27561
27972
27671
27602
27785
27688
27900
27737
27663
27778
27650
27660
27904
27825
27827
27881
28092
28464
28384
27982
28939
28829
28809
28777
28714
28603
28568
28527
28422
28460
28137
28388
28203
28106
27882
28038
27943
28101
27675
27645
27655
27795
27736
27717
27657
27724
27602
27659
27680
27654
27660
27570
27338
27433
27556
27356
27333
26876
26975
26894
27088
27093
27082
27042
27014
27050
26997
27210
27228
27087
26978
26966
26687
27062
27199
26530
26538
26624
26503
26011
26744
26091
26124
26143
26265
26293
26259
26199
26382
26147
26311
26241
26329
26364
26409
26373
26418
26371
26339
26281
26349
26227
26279
26219
26156
26242
26228
26206
26349
26294
26410
26253
26267
26203
26015
26025
26019
25876
26058
25950
25684
25747
25086
24893
24761
24855
24788
24741
24725
24709
24246
24150
23759
22985
23637
22975
22990
22927
22408
22439
22454
22422
22027
21987
21506
21483
20533
20537
20633
19868
20013
19628
18680
18637
18395
16648
15662
16041
15428
14758
14033
13515
12700
12510
6611
