231
166
181
200
276
180
204
139
205
203
137
1670
1833
972
956
891
2151
1105
1288
291
233
173
144
132
234
278
180
165
200
133
183
162
171
151
152
145
211
133
125
245
191
131
189
138
143
307
307
317
179
139
137
236
182
136
144
133
137
155
138
145
289
239
186
206
265
150
209
255
143
235
148
147
216
271
143
141
255
149
150
268
192
188
144
182
147
198
143
148
145
153
279
246
166
268
270
411
482
166
144
158
168
140
249
148
164
167
214
308
145
139
147
174
271
154
184
274
213
204
250
142
182
321
600
691
428
392
385
336
156
147
144
154
144
217
154
207
150
147
148
182
143
145
248
149
154
149
147
182
191
157
143
140
159
142
227
313
157
286
156
146
146
209
144
202
317
304
147
142
189
194
243
253
198
262
594
148
225
161
185
290
151
146
151
272
148
165
223
277
162
152
196
204
344
194
164
149
165
219
154
239
165
156
314
285
219
159
373
273
268
142
164
219
215
144
256
228
147
140
235
146
185
151
343
152
147
256
284
191
268
157
156
154
147
142
166
152
146
171
155
152
153
250
143
248
171
523
380
211
257
368
512
145
159
145
149
254
265
139
197
211
287
147
144
139
138
156
240
189
249
244
148
152
143
147
200
232
290
213
144
138
226
284
229
161
233
231
146
159
326
288
242
157
150
149
142
200
195
150
166
144
238
217
330
181
157
172
147
145
141
140
206
148
144
140
278
150
146
148
223
263
170
146
283
463
155
211
143
164
147
163
146
142
268
152
146
155
147
159
204
146
151
201
144
241
138
154
209
174
205
148
142
170
150
197
257
143
162
228
318
860
483
141
248
152
145
138
140
146
225
153
156
242
219
144
187
151
147
146
154
143
240
147
147
215
154
167
274
263
170
191
141
152
151
156
150
276
262
273
208
141
191
156
213
144
228
344
231
146
217
150
191
150
572
566
344
227
377
286
191
263
201
190
275
160
272
253
191
153
137
144
225
224
272
154
210
138
239
186
162
149
145
152
162
139
147
144
248
696
498
150
149
224
260
404
149
233
196
206
166
148
153
178
244
235
283
215
203
148
150
145
154
450
157
138
153
142
277
236
249
231
148
160
143
150
144
153
291
243
210
152
220
186
369
159
150
201
163
173
154
145
139
142
143
152
163
475
384
475
187
161
146
147
156
241
159
145
240
160
325
231
299
302
249
149
154
152
151
278
155
205
221
140
232
145
146
163
168
152
152
152
267
289
171
144
140
205
187
173
196
215
245
140
213
144
140
178
241
175
161
284
260
262
232
235
187
139
141
242
275
158
143
141
250
205
149
145
146
140
189
158
143
211
191
170
226
345
228
307
245
173
241
218
144
143
143
135
213
141
220
158
142
198
196
245
240
233
173
217
237
240
138
188
847
928
277
392
614
3665
300
428
464
274
180
273
438
