207
185
137
177
190
188
133
140
188
218
234
231
225
261
222
131
148
154
164
155
125
136
131
145
185
133
163
131
159
140
123
156
128
127
141
143
141
126
133
132
146
186
124
322
243
275
118
145
141
134
137
148
129
175
180
179
148
136
161
152
196
124
233
190
120
215
147
179
180
122
118
127
174
181
191
167
180
145
142
132
158
135
156
133
129
215
129
123
134
135
123
136
121
138
140
162
140
141
145
139
173
146
191
207
202
241
207
242
235
182
170
131
133
141
129
131
124
140
189
163
131
124
130
127
117
125
147
152
130
131
138
156
141
150
173
158
151
181
133
130
144
176
206
182
207
213
172
140
143
144
162
142
140
141
147
147
142
135
135
143
173
152
139
145
182
115
159
162
145
142
164
154
138
135
139
139
160
133
132
133
142
138
145
179
152
129
129
132
129
137
161
138
137
147
189
419
294
265
286
270
249
193
194
222
232
216
174
208
257
204
211
185
205
194
266
277
166
156
206
319
198
288
182
375
396
231
211
157
294
228
166
239
320
132
139
137
130
132
212
133
137
147
139
175
129
134
147
123
132
151
136
124
140
114
131
139
131
126
124
126
144
145
147
153
204
164
149
133
133
140
151
152
139
184
165
175
179
172
482
462
356
426
176
151
153
132
123
126
126
127
131
134
125
127
128
126
119
213
305
294
250
247
129
131
162
134
140
148
187
156
166
128
125
134
254
179
179
136
155
126
126
120
171
137
130
185
203
249
228
207
216
301
317
365
280
198
305
218
207
235
171
155
145
170
191
140
142
147
141
416
419
463
300
245
220
137
187
199
178
129
125
128
129
144
147
182
180
131
121
129
234
127
125
134
161
131
136
136
145
166
150
150
128
134
129
118
131
146
129
122
129
170
180
192
187
189
210
158
177
128
133
134
181
139
166
141
173
276
268
167
171
132
126
138
133
161
127
125
125
133
130
134
179
181
207
179
151
170
167
139
137
158
131
129
127
127
125
226
137
128
149
199
188
180
177
133
362
330
323
348
162
179
131
130
126
137
174
166
167
135
151
126
137
139
157
155
150
140
126
140
165
170
147
195
186
151
126
121
128
134
138
154
136
154
197
195
156
136
129
129
123
165
213
184
215
198
144
140
125
132
125
127
124
134
176
135
156
141
163
151
170
156
145
146
174
144
146
132
132
129
129
140
157
140
138
142
172
136
128
146
155
162
169
136
137
129
140
150
147
134
138
136
143
137
138
131
130
135
167
128
131
124
120
138
157
179
209
193
194
189
163
140
139
144
146
128
128
152
127
183
230
153
147
130
132
132
135
148
167
129
128
133
138
172
174
212
228
194
191
196
185
138
153
192
163
202
157
134
165
132
132
139
151
162
133
132
164
209
165
137
118
153
133
133
119
145
157
151
144
164
145
124
141
146
180
190
133
131
126
120
139
153
148
129
131
148
179
147
143
127
120
133
124
127
133
148
127
207
148
143
150
163
155
154
161
161
156
190
141
149
141
159
144
154
172
144
138
135
181
178
183
184
142
124
123
141
127
125
137
153
150
200
196
165
174
136
135
143
149
134
127
125
166
125
131
127
132
132
128
129
124
122
117
131
123
135
176
125
130
135
137
142
139
149
134
132
140
171
148
131
120
292
316
351
127
127
131
161
198
188
163
143
133
235
148
241
277
247
137
156
157
163
178
129
126
162
283
135
152
141
176
129
125
133
144
173
157
143
155
145
122
167
130
123
120
125
116
127
124
126
309
386
135
144
126
121
123
132
124
126
123
125
126
158
131
141
154
173
156
153
129
173
134
140
164
153
140
129
130
121
128
128
131
145
160
167
182
135
139
143
140
140
162
142
140
134
134
131
126
285
372
185
132
123
124
132
137
148
151
174
170
136
126
129
121
244
280
134
126
125
130
131
131
141
135
134
119
124
128
129
150
194
226
135
136
170
136
129
136
136
153
134
130
127
124
133
160
209
196
156
135
140
181
173
138
133
129
121
218
151
409
377
315
237
383
373
128
134
136
145
144
185
136
140
159
136
152
169
131
140
245
201
373
397
479
1481
1463
1120
1115
893
1018
990
825
452
609
599
772
640
602
502
477
364
269
147
153
139
249
252
174
170
172
135
131
174
139
145
128
127
123
121
247
127
136
146
128
127
126
124
145
189
168
139
257
533
522
275
273
1340
1198
1316
986
1048
939
1110
923
862
668
242
330
419
482
213
706
483
411
133
123
183
153
388
374
181
560
613
403
508
366
313
208
159
140
193
332
256
131
398
270
438
429
438
683
562
539
459
440
467
327
388
269
301
137
156
186
187
170
148
249
178
150
232
840
635
498
496
486
515
535
452
393
609
529
409
246
250
245
340
154
136
130
136
202
181
127
127
127
155
137
131
123
132
128
125
144
174
154
125
132
121
137
176
162
120
135
152
135
166
132
124
133
131
123
121
128
140
185
135
124
134
160
143
147
142
141
158
132
131
121
125
391
587
528
369
691
820
627
559
218
348
171
118
120
129
123
397
408
733
741
690
456
405
278
794
737
581
714
701
783
295
350
424
504
311
200
339
257
298
374
461
334
189
216
129
134
162
208
191
182
204
163
197
130
143
316
375
348
349
236
263
360
575
480
508
405
293
226
147
131
187
265
267
199
303
222
307
165
312
253
153
250
200
478
414
313
479
470
265
157
281
147
437
321
132
130
192
387
684
445
392
397
382
645
824
814
646
178
483
377
400
326
347
271
360
441
251
234
213
132
373
342
331
337
337
442
181
340
205
201
141
215
189
614
555
499
488
381
266
483
246
338
310
377
133
176
2160
2132
2113
1849
2082
1827
1735
1635
1407
1371
1159
1351
1292
1394
897
1164
1232
960
1122
948
981
1297
1040
1093
1094
1040
961
906
1038
972
752
853
719
608
569
267
314
414
1441
1437
1439
1416
1166
927
1110
1106
1012
902
870
543
920
560
894
499
564
243
540
227
429
349
338
370
306
243
135
135
148
220
168
133
161
132
173
141
159
141
134
135
163
142
136
142
134
123
186
186
127
132
123
127
130
125
119
129
160
131
131
139
170
139
142
138
129
135
136
128
140
183
163
270
234
241
245
119
140
173
154
132
139
137
139
139
157
145
390
363
329
207
240
139
131
138
161
157
170
192
162
210
173
162
150
221
191
232
266
220
175
121
135
128
178
120
186
138
230
267
300
157
169
206
204
133
152
140
158
141
134
180
122
127
129
128
152
186
181
165
157
142
145
139
131
129
128
137
138
147
136
137
143
148
137
158
140
148
152
163
162
174
183
146
147
145
161
136
136
167
173
168
214
205
135
180
137
173
135
135
154
127
127
134
123
128
141
147
154
131
134
140
152
136
129
119
127
136
128
121
121
269
146
153
158
163
188
183
126
140
139
157
144
151
155
150
147
170
180
133
136
151
182
184
157
145
132
127
140
139
138
121
152
158
129
126
127
122
128
138
165
158
173
191
139
185
181
132
122
131
176
146
141
142
134
164
144
159
150
128
133
128
136
139
183
182
136
134
135
136
133
152
152
203
168
155
140
161
123
169
135
127
128
141
129
131
126
136
132
133
125
154
156
169
178
163
177
198
127
121
170
126
243
138
148
175
137
125
126
125
144
141
157
134
143
175
140
174
145
148
175
169
144
167
195
182
157
133
144
178
173
144
168
144
153
136
128
134
143
140
144
154
164
132
136
133
133
123
125
127
127
128
150
170
214
217
189
139
166
135
131
125
122
134
134
148
125
125
126
133
138
149
126
125
122
132
127
212
251
159
190
184
209
172
149
125
175
125
138
152
124
133
119
122
127
142
155
175
129
137
126
127
130
138
141
143
139
127
135
141
225
153
128
136
163
126
119
133
147
152
134
132
112
164
132
134
134
127
129
127
122
123
127
134
178
143
166
183
127
142
183
171
224
212
245
125
143
177
248
198
175
157
204
163
150
138
129
164
180
215
217
206
179
200
158
140
199
153
139
133
169
138
140
210
256
178
127
123
147
143
155
167
125
139
170
163
173
126
119
124
118
128
126
129
122
125
133
164
132
164
127
133
133
128
132
127
130
140
155
171
189
201
155
130
127
334
370
317
161
171
221
170
211
134
205
181
123
330
366
124
126
126
142
152
196
178
167
144
134
132
133
133
161
153
137
131
132
137
130
135
145
150
161
150
140
156
133
130
130
136
153
131
138
133
137
141
129
145
142
140
167
128
147
171
166
150
136
127
125
132
128
123
143
180
164
132
135
131
120
126
128
126
125
122
128
124
123
306
307
290
429
411
130
134
151
131
130
126
117
128
133
135
136
126
136
178
127
127
156
130
132
146
143
400
245
420
137
138
147
157
177
162
141
152
143
128
128
130
135
157
205
166
179
145
145
166
151
142
136
127
125
143
140
140
148
170
170
159
135
135
136
132
135
157
386
359
422
183
130
126
124
134
146
128
137
128
122
137
134
126
139
160
136
178
134
177
126
232
126
118
130
144
165
164
131
229
242
202
132
146
132
141
142
165
119
176
130
145
187
166
143
128
131
214
129
125
130
121
131
165
136
189
181
193
197
209
233
190
152
169
161
129
125
131
126
122
136
130
121
133
130
127
127
136
173
129
134
136
172
124
127
267
184
124
132
123
136
126
128
135
140
183
172
266
214
144
133
171
242
189
141
127
118
125
127
125
124
180
140
151
126
136
179
135
159
131
129
121
123
124
166
125
144
123
136
174
137
166
124
118
243
214
139
155
124
134
130
125
131
130
125
127
139
143
174
132
134
138
135
135
138
172
167
137
122
163
135
129
134
139
150
149
131
204
179
161
131
130
120
126
118
126
262
131
214
131
135
128
130
136
177
124
127
122
133
132
160
126
134
136
159
129
233
222
160
162
148
146
136
135
154
141
140
179
163
135
125
151
353
121
138
182
128
175
126
125
123
137
157
135
142
145
169
211
126
124
136
169
123
126
120
129
126
174
186
139
145
148
152
131
134
159
195
176
160
125
125
132
139
224
154
135
147
126
128
140
169
129
244
177
143
126
176
140
141
139
128
138
183
126
257
200
126
125
128
187
173
132
119
156
183
161
202
160
152
134
163
123
131
156
135
127
136
174
144
136
139
146
133
119
267
215
196
150
128
117
127
126
129
131
150
174
128
141
187
137
223
121
365
227
238
227
263
444
337
448
136
131
144
170
156
144
175
170
127
130
140
168
130
129
133
157
222
204
130
128
128
134
122
123
186
264
273
125
136
179
136
443
410
177
136
154
126
124
131
176
130
128
221
208
203
126
128
125
131
128
131
160
126
122
223
232
121
196
124
126
183
134
131
136
123
123
125
134
124
245
264
121
118
127
191
124
123
259
130
127
144
130
125
191
134
128
132
126
234
145
128
133
125
128
123
123
129
150
160
197
147
252
240
159
179
169
198
135
255
198
128
131
127
133
121
189
207
169
127
134
131
126
164
218
168
133
155
218
124
250
129
124
137
128
122
125
133
233
177
126
132
234
132
128
130
125
252
247
160
132
134
157
130
138
150
189
173
132
238
271
304
259
279
160
139
221
176
172
233
271
198
124
231
218
231
136
263
145
138
190
295
336
242
234
242
165
150
136
136
133
128
173
265
122
125
210
214
255
255
150
175
248
204
382
453
240
166
189
184
247
217
141
124
124
225
128
221
212
241
185
161
137
254
194
283
273
188
123
129
236
130
185
251
265
188
