553
591
555
503
471
457
602
311
314
376
306
293
306
371
304
306
316
290
305
307
325
300
291
292
309
316
349
300
316
331
317
373
312
309
296
305
293
431
463
307
353
287
302
309
386
317
355
359
328
318
317
293
297
626
462
629
460
374
334
293
324
332
373
342
302
361
319
358
312
314
390
423
331
321
314
321
315
327
351
302
327
424
298
324
292
295
305
342
300
310
305
296
294
417
408
298
339
297
302
341
298
291
306
303
309
351
358
297
305
298
314
300
291
341
437
322
320
326
297
303
333
363
341
330
340
355
355
338
383
417
323
313
380
418
361
316
339
413
294
298
305
293
296
301
314
350
297
305
297
297
292
313
304
303
294
332
459
443
304
292
293
304
289
344
296
298
299
313
329
333
306
303
295
291
290
305
298
329
378
309
301
317
308
309
303
307
302
299
297
318
297
298
304
297
296
307
294
293
402
293
294
412
313
350
354
318
310
311
414
288
294
298
295
305
307
298
349
369
414
328
333
371
363
359
360
339
317
298
337
309
296
310
297
367
392
402
434
436
468
516
587
607
542
474
432
356
399
302
303
293
313
407
320
370
290
299
294
316
363
292
318
325
341
418
444
324
419
405
320
336
307
309
297
307
286
293
357
289
296
320
354
329
368
338
338
311
312
326
326
331
357
298
298
298
300
303
293
326
298
295
296
297
294
291
306
312
303
301
297
297
427
469
305
307
318
308
313
315
322
322
315
352
311
300
375
310
328
301
294
294
300
297
300
300
308
303
302
295
307
293
307
345
299
307
324
338
308
305
297
308
326
303
303
303
383
304
293
388
316
300
300
302
322
315
337
328
298
300
296
293
297
294
297
299
299
298
309
385
406
356
363
339
296
315
300
307
309
329
303
337
304
299
300
397
303
305
315
349
309
296
306
314
319
309
345
380
384
391
364
389
353
304
315
304
301
314
317
314
309
309
309
305
308
355
400
389
376
378
404
447
328
358
314
297
308
295
311
301
310
292
305
312
319
346
309
310
296
315
326
343
341
319
369
407
302
294
300
302
296
299
305
373
333
304
320
350
338
306
305
297
295
313
303
301
324
359
350
356
343
344
300
310
314
349
291
321
327
335
336
376
316
319
301
292
443
368
307
297
299
309
299
324
394
383
307
294
300
308
309
344
336
350
374
337
300
295
296
318
339
342
351
329
319
307
307
300
306
314
307
387
447
414
440
420
391
519
303
311
304
313
300
311
311
394
336
404
376
363
340
307
341
327
332
319
329
311
295
303
297
355
422
402
381
318
300
307
305
317
325
310
314
313
319
317
327
305
302
310
320
324
375
411
353
432
377
393
298
298
303
306
315
326
329
323
362
352
372
363
313
298
302
296
310
320
329
387
307
352
299
299
305
318
304
309
301
302
296
320
321
304
304
394
346
366
384
407
413
422
448
488
406
380
317
291
381
315
381
322
310
321
298
293
311
323
330
316
313
315
307
399
471
374
325
322
306
299
304
309
301
301
322
294
389
417
331
310
318
311
312
352
325
302
286
313
387
410
394
310
328
306
289
314
419
312
337
309
317
303
287
319
302
325
322
406
314
300
289
379
310
315
353
286
439
400
298
689
505
318
286
326
470
425
347
341
331
370
429
413
428
431
420
396
365
381
313
373
372
361
315
316
308
370
334
321
407
425
376
355
341
301
315
316
318
303
298
296
355
335
373
367
346
362
344
409
420
447
424
331
324
301
310
327
321
317
306
316
308
353
368
415
385
335
320
304
312
308
314
336
305
308
331
345
333
322
385
364
427
353
306
297
337
310
350
335
391
345
341
328
306
315
329
379
317
303
344
361
472
358
370
345
365
349
358
332
341
324
346
500
361
354
379
343
339
361
336
320
322
304
292
328
326
384
330
303
295
543
377
378
350
357
308
350
481
405
291
299
314
313
509
525
478
495
444
400
308
293
315
327
311
298
307
292
366
293
313
310
317
337
318
349
363
314
301
295
303
323
376
303
311
313
346
320
297
398
368
308
306
337
308
316
311
314
293
328
400
419
311
430
306
289
320
302
575
435
583
451
317
311
296
293
312
291
294
342
301
305
303
356
302
406
403
337
409
417
298
299
293
291
399
362
436
350
318
307
372
353
317
326
298
302
299
316
323
289
345
295
338
345
295
315
295
373
292
294
355
304
354
469
315
409
313
350
311
346
302
378
293
393
304
292
388
316
384
331
393
397
330
362
350
313
428
309
320
334
384
447
315
411
406
400
319
455
331
319
363
4188
851
3575
5423
5750
