400
221
220
288
284
275
287
148
258
290
270
157
307
268
159
174
153
251
194
162
146
238
250
163
244
149
148
157
154
176
204
141
243
204
206
157
157
264
287
178
185
263
157
271
283
156
253
155
158
144
151
213
234
231
272
193
158
167
183
152
206
194
150
262
271
151
215
151
151
147
166
267
261
374
153
140
193
262
253
154
203
269
171
166
166
289
146
178
277
294
190
161
245
292
278
291
155
233
152
255
265
209
207
216
175
142
363
249
163
273
151
153
213
278
184
171
157
157
253
148
325
201
234
241
157
168
157
161
230
252
231
297
164
395
176
291
220
163
256
228
148
162
163
196
194
239
205
158
247
161
247
165
282
175
302
160
192
165
174
169
157
148
255
280
237
200
151
304
353
147
163
280
227
150
158
210
158
152
364
293
177
166
159
308
405
590
361
149
155
195
235
160
165
157
212
151
152
160
169
174
157
277
160
269
285
193
209
157
274
162
155
254
154
265
154
235
176
161
166
158
145
155
148
274
241
147
224
221
277
153
202
163
212
206
209
250
233
157
251
196
289
148
228
223
293
211
283
215
234
266
242
152
152
163
152
255
140
292
224
192
150
249
274
281
184
230
195
211
169
160
167
202
276
149
242
165
279
267
262
158
152
154
148
208
157
159
156
250
254
230
166
201
148
193
148
154
160
233
245
247
179
161
246
186
238
243
204
159
264
149
215
271
153
150
154
149
279
203
157
155
385
369
204
192
257
156
157
288
167
316
389
230
145
208
205
154
164
361
161
152
150
922
318
480
351
229
360
272
212
946
262
668
216
698
257
1252
307
423
323
803
301
327
1605
956
1449
2634
550
167
321
471
337
417
502
1030
179
1885
2755
186
1488
2376
1554
377
246
705
480
2109
1227
987
643
667
221
271
151
228
276
251
296
601
166
272
219
196
174
168
169
247
261
247
155
259
276
170
206
151
234
147
164
244
149
258
224
154
214
154
152
216
231
150
284
244
212
156
177
222
152
275
157
286
401
169
232
167
191
176
241
247
277
180
222
255
279
245
158
231
401
155
244
155
181
189
161
222
296
301
252
153
232
196
210
208
264
264
154
237
235
170
214
231
163
372
283
180
210
150
161
260
692
239
158
173
373
247
214
172
248
250
149
155
280
207
376
1052
270
275
151
460
350
182
191
205
260
388
156
356
156
161
152
202
154
151
196
156
217
220
219
294
188
255
157
274
173
213
241
254
279
153
257
266
238
222
189
281
159
147
140
189
250
235
153
163
256
232
248
292
157
299
275
246
193
227
151
255
154
262
276
237
151
211
202
166
167
248
229
186
157
235
185
170
276
169
150
153
224
187
266
144
162
150
156
284
295
170
155
207
187
248
203
165
132
254
267
225
150
275
216
149
225
314
351
231
260
144
260
153
269
278
220
165
284
202
156
165
154
406
152
154
212
152
160
151
236
227
202
215
160
220
199
180
209
194
235
285
252
277
170
288
166
162
156
279
228
265
139
254
432
216
242
158
160
220
209
248
161
170
247
249
160
160
214
187
185
236
273
163
241
158
259
247
202
276
261
292
160
158
169
276
289
149
280
149
157
278
155
255
197
148
218
203
292
280
227
156
153
210
185
165
146
244
247
156
146
175
161
166
162
214
428
250
166
149
245
268
204
264
174
218
217
156
232
232
148
154
148
288
286
230
180
229
214
158
205
193
283
268
157
237
192
209
285
279
278
227
153
270
159
255
260
292
155
195
307
195
236
226
157
208
236
276
252
164
160
163
158
172
250
234
247
204
301
150
154
154
151
255
202
150
211
155
215
195
272
242
258
253
255
185
199
152
218
179
157
294
282
159
247
228
140
243
173
223
158
158
153
276
250
277
300
282
255
230
235
296
217
162
249
150
251
210
149
158
203
250
151
191
190
244
264
164
163
158
277
272
261
296
272
213
278
300
166
146
153
275
154
156
177
204
152
152
157
243
332
161
294
254
150
250
232
220
146
160
284
175
189
162
159
149
158
150
155
266
368
213
268
221
150
252
278
220
158
210
225
241
153
201
255
245
157
222
240
240
222
238
155
246
242
270
212
267
217
295
406
318
639
514
495
269
172
163
307
266
260
211
220
219
189
168
251
158
435
288
236
758
253
205
154
277
258
214
480
2615
342
343
350
472
218
195
213
477
224
164
224
212
1070
153
225
226
208
258
255
324
204
164
1173
329
707
292
631
256
193
265
242
309
885
503
552
1085
1504
180
296
240
974
1271
348
891
756
310
154
309
258
474
214
160
291
162
171
153
246
203
226
143
