354
200
257
166
255
137
229
132
208
247
240
133
135
225
263
228
263
174
177
146
131
219
207
178
211
465
204
227
226
132
134
132
173
523
184
230
180
219
131
206
257
225
165
136
132
245
192
221
130
192
184
237
146
132
126
263
217
130
276
234
227
148
225
237
205
266
164
258
138
241
153
202
260
193
130
131
256
186
983
349
274
243
178
151
226
137
136
132
202
150
145
221
139
134
209
180
260
349
842
749
269
214
132
170
182
141
199
211
269
281
231
263
173
216
250
234
133
172
176
232
179
299
311
145
202
270
308
267
728
255
219
224
322
185
247
247
132
191
171
261
251
252
136
249
171
356
277
190
218
175
134
190
133
173
177
144
183
253
194
132
156
255
184
132
132
260
206
188
179
218
129
145
129
180
129
224
198
382
220
136
126
175
136
219
195
142
237
229
140
137
198
134
204
261
138
170
244
228
251
146
176
179
176
213
177
137
183
238
167
218
251
262
168
305
204
202
208
176
245
206
261
143
141
140
259
138
226
198
272
135
138
430
391
191
217
187
172
228
133
267
212
136
169
130
269
134
175
208
219
132
248
139
267
259
135
221
265
210
141
143
205
128
140
173
251
220
139
135
148
177
128
211
137
137
134
181
218
210
134
241
177
258
289
291
186
217
259
254
295
192
262
258
242
225
253
186
204
183
171
249
236
320
172
246
137
256
355
222
239
148
267
216
209
257
170
181
180
241
252
171
129
192
136
146
149
180
135
213
133
137
152
740
144
174
242
249
202
200
134
135
140
238
135
404
210
262
137
200
261
275
222
226
136
182
260
211
173
212
217
258
286
258
147
188
135
134
222
186
208
151
208
234
257
204
258
143
139
210
253
151
1070
229
290
244
145
137
229
256
279
246
134
225
249
254
215
261
237
335
216
208
138
205
281
257
189
228
136
199
219
134
243
324
198
334
140
172
218
311
142
137
152
178
184
224
128
216
265
293
619
516
229
179
196
113
156
187
144
204
263
234
249
244
140
232
499
145
210
136
196
217
132
266
288
263
179
261
135
211
237
191
236
177
233
193
211
134
130
140
246
132
244
127
140
262
178
132
261
135
171
137
266
133
142
262
133
219
138
195
182
236
134
129
133
144
183
316
215
129
234
208
233
227
222
260
188
169
204
257
145
132
241
133
193
194
338
256
245
166
146
229
132
184
219
259
253
230
174
224
263
252
177
141
135
190
217
190
142
145
132
304
171
165
161
180
209
246
199
133
136
254
191
141
165
234
240
232
137
254
327
196
140
136
212
185
136
138
156
187
133
180
243
271
219
224
236
197
184
136
234
167
137
228
193
238
262
187
263
132
141
135
136
206
196
223
205
136
205
135
138
132
200
231
206
201
126
127
142
264
226
232
215
272
211
134
236
313
189
209
143
134
136
267
133
268
270
189
174
252
186
280
218
249
206
181
136
262
139
209
217
184
271
261
138
155
419
134
195
134
235
137
259
181
139
134
246
274
397
459
292
306
204
274
188
136
247
285
247
180
170
178
219
144
132
136
328
272
245
134
174
147
175
145
180
157
131
178
211
146
133
250
133
169
214
225
135
205
250
272
135
235
294
216
142
179
131
146
152
144
222
206
238
136
139
134
211
268
138
138
173
270
224
250
250
197
133
141
204
269
156
251
247
137
134
258
132
200
250
221
234
252
140
186
267
146
262
159
251
293
181
204
214
136
207
232
251
140
247
201
135
252
139
251
136
179
209
251
234
286
226
134
216
139
219
271
277
194
302
197
193
217
273
231
132
169
134
128
234
139
207
222
197
138
234
135
195
224
133
254
138
130
142
173
242
268
143
187
137
219
229
213
261
135
137
249
234
135
272
135
195
136
274
236
143
267
272
247
254
192
254
174
187
252
187
395
159
641
182
223
228
245
236
206
137
279
253
130
192
205
173
211
144
240
176
249
264
235
168
141
135
177
196
225
236
201
134
230
141
137
130
145
197
190
192
239
141
201
262
256
246
137
138
190
165
140
201
207
216
187
255
213
136
137
223
214
228
219
202
257
249
137
226
137
182
266
142
224
218
236
206
206
137
268
248
224
172
226
248
241
243
249
136
140
227
168
201
190
276
192
134
201
214
240
260
241
264
143
266
214
240
212
267
137
212
228
195
264
211
186
174
270
169
212
148
201
135
262
124
239
135
223
235
132
251
243
255
169
228
224
244
215
138
184
238
251
245
190
276
184
196
265
139
343
230
193
201
140
268
132
177
207
134
209
228
239
275
238
176
188
199
173
