387
413
331
337
336
343
353
321
298
311
323
360
326
300
311
315
309
389
408
323
315
307
341
327
362
328
296
301
313
319
322
478
419
574
347
303
323
318
328
321
523
432
327
310
321
317
337
368
344
328
308
294
306
304
299
332
380
357
305
330
313
394
320
460
471
456
426
424
337
308
302
302
298
321
333
323
296
311
313
406
350
346
303
295
429
401
439
311
298
316
309
326
322
317
472
410
372
375
331
393
330
306
296
429
315
299
361
305
306
312
313
297
315
350
314
315
308
317
298
356
321
315
319
444
320
307
304
312
310
299
301
392
313
299
308
316
302
335
315
298
305
323
447
357
297
314
302
379
300
331
297
351
330
302
303
318
303
336
302
301
324
315
328
319
413
359
343
328
354
420
445
485
462
501
490
474
370
399
336
314
300
305
306
322
471
522
501
398
380
388
396
323
294
310
299
311
304
309
314
446
416
335
318
308
350
301
301
565
514
461
465
472
417
330
302
305
313
308
317
301
301
308
350
317
306
341
373
306
314
317
306
308
303
330
332
370
447
324
312
486
370
364
415
409
317
377
347
316
337
315
300
367
329
295
307
369
315
315
310
390
407
401
310
322
303
380
303
303
295
306
303
297
545
314
314
311
322
309
366
393
408
370
351
325
300
297
311
296
456
313
315
325
307
331
299
299
304
293
320
316
305
321
319
297
386
416
321
357
425
300
330
316
301
300
321
328
319
351
329
305
316
300
322
359
349
299
454
317
310
371
416
401
399
390
335
330
335
346
345
338
332
394
393
378
342
325
304
301
319
370
312
296
311
358
300
315
300
371
339
422
339
370
335
316
304
312
337
318
302
387
294
303
297
405
432
302
299
316
316
309
320
309
312
352
373
310
449
498
317
371
309
407
360
496
318
312
311
295
320
383
393
322
398
352
390
316
342
300
438
310
344
317
297
317
401
299
415
327
333
326
335
313
348
324
322
422
318
307
453
398
320
315
315
317
302
304
307
324
357
296
319
373
316
320
301
302
295
298
556
309
341
302
320
356
324
310
321
312
306
300
302
300
302
310
314
319
402
370
320
310
302
306
414
317
389
297
299
297
404
319
312
360
438
390
338
481
420
340
393
312
324
323
347
312
344
304
320
325
314
323
337
324
379
342
339
338
333
303
317
308
311
315
310
320
331
318
318
327
318
334
309
353
312
317
346
311
315
302
318
330
443
422
360
347
325
438
407
319
311
383
348
307
310
309
307
296
329
301
323
301
311
318
304
302
302
385
320
361
446
343
301
307
352
308
307
294
486
456
301
315
297
321
291
399
430
303
311
356
309
308
405
315
330
300
367
327
315
361
306
312
301
309
305
308
313
309
310
307
303
331
418
316
314
332
305
298
365
311
343
308
320
316
299
298
351
317
306
352
318
356
336
359
352
320
368
451
385
315
329
347
320
308
300
295
295
406
336
305
301
292
300
304
330
353
394
392
385
314
301
304
297
300
309
303
337
314
302
308
302
303
367
306
308
327
305
300
420
431
399
395
349
322
335
374
365
472
432
403
316
314
426
340
315
316
313
304
318
315
325
314
314
295
310
335
315
360
347
389
309
306
416
399
377
402
409
367
319
441
315
322
300
308
328
444
369
353
420
402
423
342
360
364
351
308
308
301
304
303
305
316
365
299
326
420
324
365
328
314
322
359
297
306
322
304
300
299
416
392
305
315
370
297
300
448
296
312
299
311
343
344
310
312
338
318
419
385
309
308
311
398
314
305
310
347
298
306
301
403
319
294
316
363
349
315
323
359
293
361
309
305
305
345
320
323
335
407
313
299
298
300
316
310
318
323
334
303
299
300
456
467
419
348
343
301
317
443
304
348
403
435
319
391
319
329
331
714
378
314
315
304
353
305
320
327
326
358
387
310
318
377
322
307
403
444
320
333
393
347
314
316
304
299
296
305
336
308
296
300
321
355
303
301
321
355
362
374
307
313
296
342
584
322
345
332
300
312
311
300
421
456
330
448
330
321
310
311
318
353
336
393
376
349
311
300
292
330
339
406
296
301
323
320
312
296
320
313
336
324
299
315
443
316
296
391
316
379
300
331
447
443
319
324
296
308
296
314
321
334
382
313
299
322
310
298
298
353
343
403
327
301
296
318
346
356
337
323
318
299
336
301
323
367
348
316
310
294
404
324
397
403
298
407
322
383
375
322
310
298
417
396
657
319
347
460
411
459
398
425
380
423
659
624
344
331
369
415
429
307
366
298
368
319
400
454
417
404
324
398
440
359
