333
248
391
126
134
271
266
170
155
158
181
127
123
120
130
128
124
125
127
131
150
127
119
189
263
223
151
138
127
128
123
150
181
116
135
139
247
125
141
137
157
128
124
123
154
466
430
280
471
148
164
152
122
223
251
182
161
135
182
126
129
118
131
124
214
133
168
152
163
191
164
185
138
161
135
127
139
186
135
153
343
213
137
162
166
128
140
132
127
120
185
132
129
135
146
156
143
164
191
197
190
152
218
126
128
126
127
133
158
126
267
176
143
141
154
186
150
192
177
139
138
159
165
128
186
274
228
185
187
134
126
135
134
120
128
124
128
128
129
138
144
136
128
126
131
128
135
153
127
131
128
122
129
144
136
126
237
230
171
191
133
125
144
142
149
128
127
124
134
136
136
128
131
125
120
168
127
128
127
126
129
126
127
127
131
139
262
233
140
149
153
195
173
237
259
138
147
130
129
134
127
131
131
167
129
135
182
128
131
122
133
175
265
176
128
131
122
133
130
123
139
156
132
194
204
164
136
130
127
257
295
266
180
133
130
149
130
141
148
174
136
216
175
137
131
143
185
177
142
138
150
135
172
128
127
158
135
164
134
140
130
131
133
128
130
131
148
127
133
168
129
126
133
188
131
119
129
133
135
143
220
124
127
127
131
132
125
117
136
166
128
135
175
130
239
129
129
136
138
161
156
202
129
124
126
132
128
125
126
432
427
457
350
195
226
126
121
131
125
127
135
133
137
165
137
134
208
243
134
144
246
171
213
199
158
128
181
186
165
120
129
181
172
131
124
129
187
147
206
183
130
122
123
131
124
128
135
177
137
168
129
211
133
128
136
127
129
158
138
150
257
263
219
149
154
194
190
121
132
131
122
136
134
127
124
135
149
130
128
202
129
217
131
132
137
127
131
126
129
126
126
124
131
132
131
158
127
120
128
133
125
128
135
169
131
129
119
256
127
267
162
203
259
137
130
131
133
228
121
132
132
127
126
177
185
132
134
116
200
154
246
172
140
134
129
125
128
136
138
126
136
135
129
180
170
130
134
220
213
168
161
126
134
149
131
136
134
135
181
130
129
159
129
124
214
127
127
137
132
129
137
218
186
143
152
184
161
123
131
129
327
129
152
185
169
131
135
137
133
123
128
126
127
241
135
166
123
121
119
171
264
301
173
129
136
122
124
124
126
122
235
277
131
130
135
153
127
139
172
129
122
139
149
137
153
133
127
135
148
126
229
202
126
121
176
136
372
192
167
129
184
124
121
129
149
135
134
135
154
132
152
125
127
126
127
123
120
139
138
123
126
125
140
130
122
119
125
134
125
268
174
220
142
133
128
186
207
274
196
127
137
163
131
133
122
131
127
217
121
124
130
236
136
164
135
137
127
127
144
135
128
143
157
151
154
150
126
201
136
137
142
190
130
124
128
250
123
124
127
128
259
175
171
139
225
139
162
136
137
137
155
152
128
126
125
120
128
136
144
192
157
128
136
151
130
219
162
233
125
225
132
134
135
147
132
125
194
182
135
155
129
126
131
127
243
259
175
131
130
135
167
148
139
172
163
126
130
128
118
128
137
131
131
245
203
178
207
165
131
127
195
144
129
127
127
134
128
124
133
137
127
133
127
124
131
150
189
184
183
155
133
141
133
146
131
125
130
248
172
183
205
124
132
258
126
127
155
191
172
157
130
128
126
126
239
158
136
142
123
210
233
138
190
167
128
140
143
148
190
151
128
190
176
265
171
165
215
354
257
136
126
144
155
180
526
138
171
153
182
154
196
128
126
679
735
127
137
160
129
125
132
141
173
126
137
154
139
170
143
136
126
129
127
133
130
129
128
135
167
128
221
134
161
128
237
126
122
125
193
163
166
148
129
126
130
125
125
212
130
132
124
136
148
137
136
137
137
133
125
127
122
129
126
131
129
129
125
128
129
123
131
126
172
161
141
186
257
243
132
125
125
273
269
162
130
354
299
231
117
139
594
130
132
133
148
126
127
127
126
136
145
128
143
148
183
134
214
242
144
132
144
126
275
210
152
255
253
183
155
131
170
135
127
124
129
225
260
115
127
251
269
152
134
135
126
122
125
125
127
130
130
120
120
127
133
237
127
125
125
211
134
150
124
131
121
190
207
131
125
120
127
131
134
133
124
135
144
156
122
119
139
149
135
132
119
218
169
133
130
127
150
129
124
130
142
152
191
188
186
238
345
360
228
131
127
123
120
113
143
150
123
121
237
125
161
132
152
249
142
120
154
127
122
124
150
233
111
251
174
110
113
109
223
159
117
121
172
117
116
114
232
128
121
125
105
112
113
250
234
129
117
129
126
129
109
108
264
277
124
148
122
120
200
113
110
130
131
129
124
113
128
118
117
111
192
115
123
157
120
122
122
119
114
134
156
135
177
254
138
118
114
129
115
109
176
124
125
175
168
142
181
200
195
201
120
136
191
212
107
108
203
125
236
189
250
234
123
128
124
116
170
126
110
116
175
118
252
243
146
114
214
117
115
113
198
121
157
114
237
114
243
242
112
133
126
228
175
220
134
264
115
133
173
165
150
113
229
212
129
258
304
169
116
119
114
215
119
114
219
118
114
175
124
138
116
110
235
125
136
123
117
113
111
247
216
115
162
158
238
261
163
109
111
243
255
124
165
118
158
211
116
118
160
169
192
166
110
231
180
194
153
165
135
135
166
116
172
207
170
199
128
223
245
211
141
173
156
195
161
184
120
130
312
359
210
226
127
165
246
276
256
202
117
197
221
111
173
128
113
203
116
196
169
126
122
107
201
157
121
112
182
242
124
123
112
224
204
120
168
113
226
122
160
130
175
190
186
242
222
175
