376
180
219
139
188
125
240
219
126
130
133
131
241
242
127
171
125
141
124
134
129
121
129
214
186
133
247
244
129
238
265
126
126
188
122
194
127
129
177
123
126
138
135
128
125
129
144
689
135
122
127
129
132
209
118
242
165
157
206
203
134
202
135
125
142
134
141
138
125
147
165
133
123
178
123
199
165
186
124
265
213
223
259
269
201
128
119
143
167
138
129
130
153
174
133
129
215
136
126
139
142
130
120
131
129
259
199
239
255
129
163
128
205
151
134
136
125
133
129
172
177
194
179
134
131
185
147
131
129
172
126
129
129
262
138
176
130
129
131
135
126
130
129
134
255
131
173
224
264
265
166
129
194
137
134
159
237
130
175
201
129
131
235
205
123
130
133
210
198
205
206
131
130
200
119
132
128
136
126
128
233
129
129
233
196
147
130
130
250
135
139
143
167
193
130
229
225
151
131
127
128
235
130
130
209
134
126
129
128
121
131
132
132
238
127
179
128
273
124
134
130
120
238
136
261
244
255
134
130
251
130
127
173
135
124
130
178
132
128
217
193
230
258
112
119
114
123
233
211
126
133
193
169
181
227
129
126
209
223
251
134
252
183
214
127
260
237
171
232
127
127
202
128
119
205
220
252
186
122
136
137
153
173
121
116
138
141
191
135
145
190
160
155
155
129
189
211
145
126
128
130
154
230
289
134
226
227
185
193
421
428
214
186
201
238
137
137
182
163
185
173
255
231
163
168
216
139
132
153
245
200
188
207
127
434
175
230
125
130
131
124
135
126
171
128
248
295
522
515
398
215
221
242
209
1432
131
253
212
130
175
239
119
224
171
267
346
306
277
423
320
308
463
147
202
313
404
656
337
269
219
1207
771
561
195
123
129
127
126
550
147
198
268
307
289
430
372
260
770
651
214
370
574
161
180
251
182
174
130
259
211
160
129
143
251
230
186
137
126
239
234
167
253
163
203
191
286
261
131
222
127
213
133
135
135
127
135
167
132
127
130
126
221
133
130
133
199
230
123
249
237
217
127
166
140
133
123
149
224
238
172
146
176
160
134
125
126
130
192
242
128
240
127
168
283
510
222
209
255
217
132
125
129
228
135
175
156
259
129
642
586
216
347
314
368
129
135
133
199
207
208
215
216
203
124
215
255
133
218
211
237
232
427
409
467
131
131
134
203
124
125
126
210
256
227
258
196
126
132
126
137
128
122
139
133
222
203
137
159
131
127
129
200
248
210
232
238
168
134
131
124
128
128
169
134
124
141
135
127
135
128
166
134
162
223
131
130
126
128
127
220
223
265
245
460
136
182
250
477
296
225
127
190
164
198
205
223
155
126
127
132
123
254
161
124
234
232
280
206
280
260
209
140
174
288
208
130
128
129
124
132
126
133
126
254
127
126
130
134
183
194
360
385
138
167
129
130
126
126
134
128
125
162
148
192
189
155
126
258
233
148
254
162
127
175
125
129
173
221
237
253
124
136
123
132
130
121
253
127
174
218
186
197
233
125
396
128
130
211
164
128
229
187
126
125
128
124
232
175
231
276
138
164
130
129
134
186
124
252
243
155
190
136
224
190
170
196
235
190
233
228
138
132
127
129
134
195
123
194
138
148
126
221
189
204
143
342
312
304
221
132
128
131
122
133
163
195
127
246
129
259
294
131
134
227
250
207
129
130
179
217
197
132
134
256
130
128
170
122
132
125
209
170
128
120
243
194
128
187
158
267
131
212
173
194
138
181
258
237
173
129
211
185
125
129
243
126
122
208
153
135
162
125
123
128
122
246
127
121
299
242
126
142
216
213
129
133
206
234
127
128
209
136
189
189
244
224
229
133
127
190
127
222
129
132
123
228
219
196
232
135
167
128
124
256
258
219
116
189
125
128
253
364
257
181
171
185
124
156
129
212
124
273
242
119
129
130
169
255
178
244
206
150
279
188
185
131
148
232
200
265
133
251
278
125
135
171
131
200
126
180
211
130
128
129
133
147
262
243
185
204
192
134
217
135
224
175
127
134
133
128
211
161
208
172
133
128
181
206
213
183
122
196
124
170
268
146
190
177
267
192
226
260
211
182
131
184
268
184
220
226
261
130
246
237
301
165
198
243
211
202
125
130
206
123
167
166
199
267
218
245
571
162
273
202
262
128
118
191
208
1090
269
190
184
206
186
191
167
211
131
155
254
189
249
224
133
221
482
264
267
249
168
173
160
232
242
216
235
130
202
186
208
195
187
137
186
183
317
173
164
225
189
132
146
236
129
247
223
193
232
203
