395
324
342
313
292
367
409
298
391
365
285
481
304
344
390
288
313
302
328
318
288
291
287
394
298
434
311
285
287
304
335
404
446
426
308
307
446
401
345
358
368
362
289
319
332
335
295
441
417
337
472
301
285
309
303
359
337
329
467
426
326
436
322
298
392
390
357
305
357
403
339
391
314
400
469
452
442
437
302
310
308
314
295
442
334
295
327
297
384
318
365
388
304
289
425
288
294
380
286
428
311
291
429
296
290
319
425
332
431
310
343
293
311
307
368
406
476
397
291
454
437
352
345
316
315
299
284
289
294
287
321
475
316
313
287
314
323
308
293
400
332
287
424
349
387
309
372
294
1435
3327
1244
1604
2525
1809
949
1542
772
553
323
319
317
579
302
297
306
290
310
289
290
286
301
286
300
287
1995
1999
1330
3435
3204
2653
1020
1054
827
1013
959
677
327
336
3677
1576
1939
2325
1522
5032
4242
5353
5217
5437
6615
4486
4522
4373
3747
2562
2409
2357
2107
1362
1513
2099
330
315
319
339
340
303
4684
2512
6572
5629
2344
2746
2187
2278
1795
2733
1324
862
420
304
361
358
448
343
438
289
288
305
357
284
302
287
448
307
352
285
379
370
314
301
297
310
340
302
302
298
308
300
295
291
372
436
296
406
336
294
312
310
384
412
305
285
302
311
288
365
304
541
385
316
358
416
352
345
318
354
337
362
377
298
286
406
311
379
297
396
417
350
346
367
286
290
308
301
663
638
286
285
306
319
360
315
306
322
370
292
312
423
287
423
347
311
393
321
291
386
306
288
289
395
424
424
373
307
342
328
340
311
292
291
324
409
315
383
305
285
295
307
300
425
344
301
292
288
286
285
341
432
292
287
410
352
415
308
354
391
289
328
385
331
292
290
375
305
401
307
293
324
314
373
358
305
365
344
388
309
431
392
299
295
359
314
313
305
348
304
285
357
311
296
287
379
310
379
307
333
332
341
369
319
359
437
301
421
309
315
311
426
329
402
293
302
292
311
300
310
288
302
428
382
361
303
290
291
317
417
385
288
372
363
412
299
323
296
318
322
467
302
301
304
419
365
314
316
339
311
441
466
382
361
400
387
288
440
402
298
330
310
373
290
295
320
305
294
291
300
367
313
386
321
350
306
412
312
398
363
302
287
289
303
292
292
305
309
331
324
287
286
355
316
428
439
364
335
299
315
290
377
285
287
382
357
389
286
296
302
310
439
299
285
310
430
393
338
312
318
304
289
335
322
314
304
306
318
447
308
287
313
311
288
300
315
318
383
446
384
332
312
297
289
294
386
423
318
284
407
306
324
289
365
317
297
292
289
366
426
384
316
303
285
317
398
302
294
295
293
301
301
303
355
299
285
300
363
346
303
288
288
288
311
309
416
397
342
310
309
315
291
311
319
388
287
292
304
344
310
314
391
336
319
387
292
290
303
419
302
288
300
302
286
303
311
413
419
306
445
297
313
298
336
358
441
330
318
451
391
426
402
415
477
311
359
310
302
304
301
324
399
389
310
389
346
371
416
345
304
282
406
291
296
295
297
444
395
302
291
303
324
357
337
312
308
332
402
421
295
287
423
314
305
312
331
319
315
320
304
428
311
366
386
314
344
301
282
320
303
293
355
306
318
386
381
303
387
431
310
312
307
301
287
301
288
297
299
337
334
353
390
361
317
376
339
310
368
408
322
312
396
298
298
289
317
304
303
445
369
342
302
314
291
308
380
355
398
289
291
308
297
312
331
290
303
296
306
289
289
285
293
282
304
352
338
290
298
289
289
421
439
289
291
318
391
317
313
388
362
352
415
286
290
286
286
301
448
306
331
341
287
378
400
317
309
430
307
290
411
350
334
312
284
287
295
320
295
297
301
289
307
293
292
356
310
300
296
317
351
394
460
285
434
472
478
420
385
329
351
353
400
311
435
335
308
417
477
352
403
287
315
361
296
288
396
309
290
388
319
532
303
372
316
443
300
295
354
400
392
311
294
296
420
312
395
383
400
362
363
408
293
432
300
288
328
375
286
291
309
385
322
300
327
290
293
290
388
368
318
365
312
414
372
287
420
429
292
375
393
421
297
317
309
357
431
392
304
330
399
301
337
396
311
348
283
425
328
392
430
336
379
291
309
442
333
307
308
371
380
310
309
444
310
403
397
419
311
436
547
385
340
433
308
396
431
411
310
290
427
370
383
296
376
434
344
316
390
404
599
324
394
379
404
444
351
319
316
310
444
434
419
364
357
349
316
344
370
308
289
452
387
407
438
315
375
419
384
441
317
382
406
466
433
381
390
356
443
313
356
535
422
358
437
