430
549
910
472
710
513
573
219
536
332
468
596
45
375
631
266
556
267
91
394
224
214
510
188
170
1058
889
215
313
59
534
388
9
515
466
340
85
67
149
325
109
66
104
306
240
77
83
111
696
586
191
125
104
209
187
504
30
662
381
306
247
200
77
303
296
44
68
8
421
452
616
382
996
975
963
970
782
625
513
393
270
145
15
57
55
385
157
200
629
483
268
75
95
329
852
731
456
400
191
56
28
115
764
426
241
19
73
590
397
205
273
511
320
195
265
307
204
113
75
221
529
541
89
269
170
883
856
297
8
8
54
8
8
93
9
8
8
10
8
8
8
57
7
8
73
8
86
62
9
8
72
8
9
8
10
58
29
19
247
759
852
958
1104
578
653
932
1165
52
51
21
767
689
331
216
380
343
263
116
440
12
17
272
80
679
623
532
444
451
218
340
326
84
155
345
114
244
407
84
50
93
167
485
478
384
198
277
162
580
553
536
461
319
226
169
292
120
291
214
147
90
585
369
309
252
275
296
428
371
229
286
8
476
386
780
448
368
96
109
51
99
272
121
8
258
61
86
134
19
797
369
327
110
459
423
386
180
163
162
184
372
727
456
1633
1620
1594
930
880
470
763
1077
1129
761
845
820
366
331
276
460
551
389
274
366
172
453
210
208
90
1042
1232
982
1008
750
430
364
229
7
359
8
579
661
362
87
12
385
340
275
140
183
397
108
320
246
523
328
785
668
8
510
470
336
181
388
780
693
218
188
159
100
163
337
509
280
61
37
77
416
476
32
252
223
78
392
347
347
228
119
203
207
320
322
425
328
341
72
142
154
121
215
98
93
89
14
36
207
202
249
467
327
386
206
622
298
20
63
27
798
829
603
336
329
659
535
38
9
11
65
18
27
121
9
288
227
212
293
298
272
213
99
100
46
57
8
88
8
7
8
9
85
8
56
56
50
138
112
71
8
8
8
8
73
12
11
70
8
69
31
29
204
218
8
285
430
86
9
8
7
7
7
214
339
290
280
142
213
110
282
593
542
334
202
109
207
75
37
34
8
430
584
698
392
227
515
214
146
76
46
284
146
168
338
434
31
418
452
309
417
153
485
471
344
141
84
32
655
480
249
66
736
535
465
296
752
573
565
394
381
46
220
231
501
425
296
104
437
58
244
225
83
307
273
319
102
38
512
371
427
378
207
8
354
772
771
240
350
10
30
849
786
492
323
473
829
755
277
74
275
225
138
333
343
639
314
309
224
55
970
1282
1232
1027
988
1038
552
272
80
292
318
7
277
458
353
348
278
134
881
716
724
704
472
634
166
90
7
1010
955
1371
1352
1011
980
551
695
647
322
293
277
215
305
292
237
225
271
381
315
193
347
404
259
214
125
725
718
648
527
293
149
73
70
77
370
294
57
224
308
15
24
162
106
894
675
657
653
401
156
189
356
431
336
310
37
39
558
512
279
259
225
680
396
49
83
196
620
591
308
192
8
99
160
21
438
384
633
664
468
439
118
396
142
8
8
11
7
7
8
117
115
7
8
109
8
125
33
8
76
8
124
90
10
103
9
10
9
8
48
561
406
8
93
74
127
190
148
47
8
494
494
445
8
287
164
160
160
332
680
379
94
131
835
707
682
504
485
150
112
301
395
191
361
90
158
30
157
437
314
103
286
9
78
773
753
631
89
7
71
184
436
350
23
174
436
444
382
327
8
164
90
442
102
94
305
89
75
60
18
305
636
446
321
335
226
463
663
152
413
189
62
402
374
454
197
388
270
142
225
108
44
8
553
135
666
629
356
330
459
499
817
573
692
792
1052
1119
685
414
209
268
160
77
8
8
8
8
944
946
26
45
322
480
323
317
404
171
69
38
594
310
311
7
590
346
344
131
601
523
142
26
242
71
80
124
218
583
436
306
226
129
369
345
151
65
17
8
396
320
233
176
307
244
210
509
497
361
272
681
574
522
418
337
9
838
668
113
64
117
164
679
1205
1096
596
146
192
259
281
245
213
320
366
80
263
382
414
534
29
136
110
108
66
8
8
112
110
7
79
7
8
97
129
38
94
126
84
277
457
2037
1988
1879
831
171
179
528
258
299
33
343
223
449
205
118
334
604
488
427
368
131
7
478
329
173
306
31
489
361
159
1128
393
415
303
196
590
510
115
162
793
8
121
123
148
336
372
98
49
55
341
145
39
144
287
134
192
437
684
333
142
351
287
46
8
155
625
607
169
88
180
386
787
96
37
296
681
66
9
55
6
7
130
54
185
262
255
370
172
379
147
105
255
660
203
442
438
101
349
1056
1596
