311
367
426
296
341
425
211
163
154
221
136
219
166
153
257
143
135
248
134
153
310
414
179
218
220
190
511
383
217
168
943
758
911
725
4839
4206
4753
3999
3608
3521
3971
3576
3502
3642
3254
3261
3107
3100
2912
2938
2633
1424
465
167
171
145
194
134
136
140
262
162
143
170
158
155
249
297
188
154
132
138
156
145
144
204
138
137
153
142
147
143
177
242
313
351
369
142
134
249
268
174
145
144
238
141
151
231
293
175
190
209
236
291
813
298
777
485
245
448
388
249
752
669
2636
2706
2705
3133
2244
3272
4041
4064
3878
3861
3992
4290
4249
3770
3560
3519
3571
4234
3957
3853
3349
3357
3173
3136
3119
3003
3131
3082
2861
3226
3367
3311
3303
3297
2895
2827
2727
2487
1823
1611
1499
1379
1235
1014
799
894
444
452
434
185
508
522
437
349
196
416
503
522
407
346
296
904
711
223
159
470
951
605
642
602
1243
1142
1179
1470
1968
2050
1983
2006
2154
2105
1694
1088
534
399
342
558
405
505
394
299
507
2983
2755
3266
3090
2967
2995
2943
2719
2910
2280
2160
3883
3564
2776
2621
2619
4086
3733
3523
3020
3004
2798
1893
1558
1683
1709
1620
1020
843
511
424
193
215
240
134
143
164
150
144
170
367
207
145
260
474
387
268
263
210
138
393
596
280
476
479
200
303
142
699
958
939
468
828
744
532
347
356
258
365
499
725
885
2006
1949
1948
2218
2538
3328
2348
2685
2099
1925
1942
1790
913
1092
1606
998
844
739
794
1865
1712
1821
1317
2472
14269
13985
21266
26094
26074
27974
35124
37807
37857
37328
37580
38711
40289
46277
45867
45630
45726
45951
45071
44967
44943
45390
46006
47220
46694
46046
46008
46124
45844
45980
46021
47257
47831
47559
48470
48221
47498
47556
47165
47360
46729
46807
46233
50017
58297
58230
60783
60482
63091
62826
62926
62856
63053
63194
62380
62230
62894
63864
63806
63628
68861
68686
68845
68652
68474
68535
68341
68240
68452
68104
67953
67713
66960
66530
66375
66298
66137
65692
65671
66564
66543
66548
66188
66591
66652
66315
66299
66011
66506
68411
70076
69823
69797
69582
70114
69990
68919
69192
69231
69161
69048
68484
68405
67459
71026
71128
71253
71020
70973
70905
70949
71555
71231
71935
77506
83374
83310
83473
83204
83266
82998
83042
82975
83455
83287
82468
81994
81715
81595
81492
81480
81603
81688
81675
81222
80759
81122
81279
81298
81222
81258
81004
80502
80411
80411
80332
79961
79638
79617
79111
79201
79079
78991
78612
78373
78719
78555
78570
78640
78481
78594
78469
78485
78293
78222
78185
78170
77445
76156
75761
75399
75076
74998
74380
74631
74595
74706
74264
74148
73450
73656
73808
73392
73834
73624
73888
73739
73747
73239
73939
74709
74645
74613
80104
80200
80022
79974
79925
79870
80731
80840
80799
80543
80685
80734
80619
80307
80299
81131
84601
84300
84900
84766
90647
90046
90451
89957
89409
89040
88078
87798
87784
87694
87395
87132
87030
86722
86794
86628
86296
86072
86103
85929
86402
85610
85641
86491
87318
88239
90581
92743
92645
92428
92585
92319
92446
92353
92187
92299
95815
96500
96016
95850
95979
96670
96654
96679
97286
97008
97130
97950
98068
99228
107495
107579
107537
107329
108389
109002
109224
108894
108148
107988
108031
107806
107808
107806
107346
107331
107288
107538
107501
107514
107433
107369
107061
107627
107659
107631
107729
107425
106957
107135
107070
106751
106796
106955
107017
106893
106505
105809
105876
105853
105669
105640
105216
105227
104850
104067
104064
103993
104380
104409
104102
103603
103528
103616
103453
103070
102994
102413
102388
102409
102229
102279
102220
102210
101750
101770
101524
101472
100768
100893
100817
100527
100488
100094
100384
100021
99873
99983
99937
99836
99878
99624
99658
99611
99653
99723
99468
99353
99718
99562
99214
98709
98804
99127
99029
99163
99066
99647
99306
99884
99853
100018
100035
100589
100506
100365
103198
102941
101683
101384
100285
100886
101919
102147
104066
108450
108333
110051
131291
131293
131480
131586
131057
131125
132224
133163
134761
134699
134703
134440
134293
134213
134261
133764
134184
135156
135147
134997
134958
134939
134922
135383
134613
134275
134244
134446
134110
133998
134257
134123
133931
133913
133807
134665
134179
133758
134100
133959
134090
135832
135643
135638
136407
136150
136043
136442
137324
138199
137551
137436
137493
137481
137159
137226
137104
137063
136926
136995
137070
137057
137056
137066
136481
136447
136562
136488
136292
134772
133671
133710
133221
133263
133269
132758
132165
131800
131605
131259
130970
130949
130658
130628
130605
130011
130028
129921
129870
129732
129632
129308
129075
128447
128526
128470
128290
128250
127794
127644
127108
126521
126404
126406
126093
125832
125421
125306
124902
124887
124617
124450
124551
124528
123804
123845
123918
123651
122987
122774
122788
122645
122658
122736
122406
122090
121987
121797
121468
122826
122687
122745
123474
123456
124371
124473
126028
125941
125705
125654
125710
125193
125060
125584
125453
125617
126561
126564
125910
126642
126621
127467
128613
128038
127683
128072
128708
135313
135838
136051
136142
135256
135167
135179
134981
134546
133807
133815
133580
133015
132801
132720
131844
131809
131698
131604
131461
131455
131535
130023
129647
129774
130398
130346
130358
130185
130147
129688
129769
129839
129503
129284
128782
128420
128475
128142
128332
128055
127576
127321
126830
125664
125690
125548
125593
125784
125275
124417
124160
124075
124533
124613
124849
123523
123169
123231
123316
123342
123835
122823
122612
122602
122388
122255
121451
121530
121428
120161
119931
119358
119377
118722
118466
117843
118435
118233
118168
117968
117691
117393
117498
116158
115176
114716
114929
114163
113154
111469
109661
109041
107203
106600
106339
105892
105714
105701
102752
101472
101439
99843
99451
99265
96119
96166
96099
94918
94879
94516
93771
93029
92696
92190
85851
85384
84811
84770
84288
84010
83712
83292
81269
80318
79137
78580
78456
77809
77659
75356
75049
74781
67332
64314
63924
63051
57713
57380
56861
56837
56295
56684
54169
53091
52985
52722
51883
50701
46503
46357
43707
37019
32999
19266
13333
306
716
299
248
562
