905
752
137
240
198
159
156
166
211
113
111
232
286
209
132
266
248
166
222
214
125
133
144
206
234
153
239
298
129
187
148
146
221
126
131
146
166
243
255
147
146
131
131
141
249
179
163
120
619
465
217
1049
311
247
318
392
842
315
328
715
626
491
396
523
709
630
474
337
861
974
400
404
197
195
337
528
180
1581
539
1419
1974
1964
672
665
1013
695
1766
1242
5834
5267
6845
7290
7676
8160
8150
8296
8401
8522
9636
6199
6384
7217
8672
4288
7009
7909
8180
5165
5517
6533
7051
7710
3961
5195
6974
7102
2225
2919
5300
7084
2544
2572
2769
3671
2460
2711
909
910
646
1166
1713
1722
1827
445
509
524
310
305
174
760
290
374
146
287
296
722
196
342
292
723
846
2460
2915
2460
2521
2559
2633
3127
2273
3082
3320
3281
3274
1490
1976
1849
3033
189
206
179
131
132
237
225
144
268
135
137
130
118
120
228
140
267
187
144
126
220
133
278
416
630
173
133
244
181
143
134
136
126
157
254
158
154
177
120
216
206
241
266
146
221
120
129
137
260
137
130
263
144
210
182
131
254
222
149
142
174
153
274
464
307
455
2022
1693
994
2385
780
307
4739
5367
5385
5663
6241
2443
2540
2995
8189
9809
5677
5857
11901
12604
14633
11157
12069
12829
12336
11165
11776
11938
6606
7152
9709
9785
11475
5365
6986
4910
3938
1947
2655
1842
1920
660
133
122
200
247
441
847
139
186
232
123
120
132
135
129
229
242
173
236
133
271
292
143
200
632
146
135
178
136
140
134
128
141
140
129
130
191
138
213
236
157
135
225
127
130
126
269
279
192
139
131
189
204
146
119
258
560
361
138
128
175
267
129
796
511
316
215
247
189
142
203
383
835
626
350
1123
1075
1083
1040
1245
649
257
208
802
663
802
421
1226
3050
1425
2326
2937
1274
1102
230
309
1508
869
706
1593
769
1073
2313
1344
1795
621
957
517
299
257
243
647
389
918
287
267
213
209
442
313
823
143
331
987
667
236
501
509
339
215
197
253
423
208
410
259
1066
873
600
581
242
956
1236
388
262
323
234
425
553
207
874
835
1332
290
884
704
533
803
579
870
139
264
168
379
1014
859
557
1955
2166
2249
2857
3082
1019
1404
1725
1079
945
1478
1765
3546
1205
1937
145
234
134
138
150
233
139
158
172
148
143
255
138
127
138
212
563
166
130
221
206
214
219
177
146
132
141
219
126
141
517
695
801
924
197
130
222
145
157
134
136
198
133
135
195
225
365
266
297
273
356
199
322
355
361
148
131
322
437
132
878
1079
848
494
447
316
178
133
1040
384
952
905
878
814
610
1547
869
652
1058
2365
3865
4589
411
1403
1791
655
162
223
334
987
634
357
159
341
341
248
841
325
783
138
1079
251
211
952
567
861
407
778
321
566
1522
1784
2994
907
3922
3986
7174
7656
5770
5947
6411
4074
4755
4870
6582
9391
5423
6789
7660
8411
3739
4260
4956
5175
1839
2120
3382
6945
7964
3722
7035
9650
11729
13583
9459
9568
13201
13589
10512
10784
12471
12623
9165
10327
10427
10684
7408
8468
10706
11147
8106
11495
13289
13530
13705
8902
9183
9219
11833
13210
7588
7922
8195
6151
6938
7027
7292
8621
376
1430
2542
2769
5086
566
868
232
198
133
182
182
135
131
136
242
205
159
263
260
132
141
307
238
202
139
129
134
130
129
136
183
124
144
149
390
270
231
183
247
137
140
137
136
147
135
132
146
142
223
583
141
130
178
147
386
195
358
231
300
353
142
281
949
857
797
1480
3262
488
267
131
234
219
766
643
160
199
198
770
291
666
696
5133
4232
8285
8228
9805
5247
12421
14018
14525
8746
15906
18678
13808
15660
15996
16504
9879
10154
11943
13124
9078
9579
10021
10433
9875
10142
11582
12151
12585
8802
8132
8923
10269
10500
7729
6967
7807
6636
5738
7448
9429
7533
9976
3536
12584
14156
9430
14947
16461
13740
14943
14992
15719
11813
11863
13138
12396
11708
11860
11262
11018
10374
10212
10371
10682
8494
8792
9496
9636
10871
8203
8291
8249
6982
6037
8001
8018
2418
3170
3416
3519
4459
2421
2632
504
1076
1856
2389
280
196
242
125
133
264
231
157
141
278
135
195
125
239
236
136
185
143
271
194
213
275
195
196
134
205
268
132
120
189
174
236
130
136
254
507
266
570
246
869
1183
1668
1522
1691
841
1114
1429
378
402
205
981
315
272
386
1031
939
179
408
134
812
789
775
773
774
798
723
503
291
330
992
492
420
1091
1209
684
680
394
478
393
325
897
396
812
867
529
232
1009
581
347
767
166
287
411
439
556
261
607
267
687
289
248
343
601
223
294
182
1591
358
193
193
284
200
183
274
208
235
138
187
132
188
168
186
242
137
206
139
132
258
266
218
221
135
130
610
408
579
1002
1427
469
398
260
388
516
297
405
477
460
395
250
276
338
416
243
1085
144
147
413
961
465
458
1633
518
348
340
456
263
360
234
175
194
146
140
182
248
1139
1291
267
445
528
665
462
7367
2637
2270
1902
720
210
263
241
137
287
265
200
136
125
219
