683
670
808
720
568
482
577
572
601
639
774
618
617
780
744
785
794
790
814
903
927
699
837
832
752
823
772
775
825
840
851
993
965
946
974
1008
1032
1108
1109
936
950
970
961
1003
1032
1113
1174
1282
1211
1263
1440
1332
1434
1388
1394
1550
1552
1502
1515
1599
1507
1428
1400
1350
1328
1388
1361
1397
1383
1394
1527
1433
1298
1323
1306
1361
1407
1425
1349
1386
1358
1359
1401
1240
1208
1282
1244
1100
1097
1099
1067
1092
1034
1087
1099
1113
1168
1169
1176
1109
1221
1113
1170
1130
1065
1088
1000
988
1055
1013
1056
825
929
847
923
925
937
946
988
973
1084
1093
1043
1078
955
949
1075
994
1032
1032
1043
1040
1133
1076
1055
1092
936
1044
1043
1042
1049
1073
1171
1211
1237
1202
1218
1231
1335
1227
1190
1184
1090
1098
1163
1153
1125
1136
1201
1158
1046
1022
1030
1056
1110
922
908
909
860
848
641
855
791
628
648
527
523
399
510
451
401
372
390
383
306
457
288
272
280
255
339
177
196
224
225
232
212
219
222
214
219
207
247
235
234
169
136
133
120
143
156
159
148
143
128
134
186
203
214
254
265
277
340
354
250
224
299
255
257
262
214
142
159
161
158
154
128
133
145
143
141
147
144
156
195
208
213
250
258
263
274
293
311
306
259
150
150
158
213
221
222
235
239
250
295
244
265
307
327
171
164
165
172
182
188
173
176
166
156
157
175
200
207
185
195
230
211
277
256
302
233
220
223
278
205
180
183
188
137
146
189
204
192
178
191
164
174
148
193
206
215
244
259
271
305
194
187
174
142
154
153
157
181
194
213
215
205
197
166
148
153
161
158
159
180
219
231
244
254
274
258
294
282
236
208
137
172
194
204
209
220
226
218
152
125
138
143
149
152
180
214
229
249
260
269
274
297
297
305
323
347
324
229
266
316
310
178
182
169
182
164
163
171
177
156
153
176
165
186
170
156
178
135
139
147
155
189
174
174
174
160
168
160
169
201
176
151
140
145
147
158
155
165
155
177
191
188
168
181
172
160
166
179
190
203
224
243
238
243
247
241
276
304
336
295
313
313
357
335
264
277
230
219
221
218
237
246
248
220
222
239
222
217
173
188
203
227
266
265
317
385
362
346
346
331
429
342
433
281
209
222
204
216
179
195
212
217
218
211
155
150
152
161
157
147
139
153
178
177
172
172
189
180
190
172
201
184
188
233
247
240
246
179
180
180
219
221
224
238
225
216
218
242
176
181
207
200
217
213
221
250
230
224
239
190
205
192
150
156
156
139
162
176
178
193
160
145
193
195
197
316
334
337
326
324
372
453
492
490
499
477
486
664
679
677
679
731
725
758
800
839
787
754
772
727
735
556
662
558
540
567
595
495
495
448
429
452
421
447
473
418
285
366
152
159
164
140
142
170
159
182
199
226
223
231
251
243
243
255
270
214
218
216
165
121
142
141
148
145
141
140
152
127
144
143
143
136
140
134
151
141
142
148
140
158
163
149
130
144
159
146
142
142
141
139
131
148
137
156
132
169
165
172
168
160
148
165
170
187
184
206
153
146
125
133
141
138
145
148
143
138
135
140
138
125
128
153
146
156
160
171
168
127
129
144
173
181
165
130
121
154
164
123
111
115
117
140
139
136
120
130
143
144
154
142
155
129
125
140
139
145
139
153
139
138
134
138
135
171
141
143
138
142
154
160
136
138
145
153
183
