518
1709
2192
2008
2330
2380
1356
1241
3520
3634
3613
3022
5166
4129
4705
4024
5096
3990
3686
3528
3451
3981
5958
5516
5372
5174
5187
5187
5194
5351
5052
5104
5159
5125
4823
5001
3938
4166
4999
5096
5378
4758
4435
4305
3665
4772
3614
3957
4049
4141
4331
3406
3330
3373
3177
2411
2022
2209
2010
1818
1917
1660
2038
1883
1505
1502
1243
965
1246
623
587
501
1128
1129
816
529
673
1303
1161
1104
1560
1004
943
1161
833
745
646
613
247
1207
1316
1076
1130
1003
1875
2075
2123
3253
4326
3378
3387
3696
3743
3500
3327
3540
3683
3815
3816
3346
3397
3029
2921
3143
2966
3102
3359
3423
3657
2640
2846
2979
3149
2564
2792
2436
2395
2393
2114
1854
2257
2900
2990
1753
1937
2113
2088
1103
1656
875
506
540
580
452
675
673
647
217
301
206
182
159
146
156
155
228
193
182
251
267
240
175
160
154
152
355
175
158
330
355
401
150
148
138
139
142
145
133
222
252
209
142
164
266
248
256
164
172
160
194
266
333
154
140
143
147
146
144
136
132
160
221
200
165
148
233
149
141
161
159
145
135
155
143
147
261
151
148
144
161
157
167
175
163
143
155
132
140
149
146
140
147
336
378
434
463
344
537
586
412
305
218
147
157
178
215
312
284
271
144
152
156
543
439
322
359
327
305
288
159
189
159
154
176
151
186
154
162
158
144
143
148
179
179
139
153
148
149
152
158
145
154
197
169
146
150
143
131
130
134
138
141
145
158
2225
2191
2075
2217
2325
2114
1922
2231
2106
1942
1820
1857
1683
1853
1756
1585
1637
1389
1265
1478
1428
1232
1290
1230
761
616
1263
787
676
837
938
914
625
568
641
730
258
147
150
651
644
576
518
374
189
892
444
1064
1381
1525
3287
3453
4817
4660
4727
4799
4919
4959
5202
4461
4611
4805
5872
6159
4870
5086
5843
6215
6347
5745
6448
6401
7136
7172
7222
7334
7360
7091
7231
7369
7336
7313
7087
6750
7010
7521
8054
9589
9641
10035
10696
10945
10164
11133
12002
12121
12081
11830
12314
12720
13241
13525
13560
13035
13110
12984
12823
13150
13286
16377
16978
17353
16697
17373
18261
17679
17682
17967
17929
17901
17965
16999
17158
17912
18082
17414
17843
17274
17078
16996
16563
16584
16730
17040
17648
17399
17147
17776
18334
18316
18478
17353
18288
19455
18582
18754
18994
19868
18255
19908
19645
20421
19458
19465
19733
19534
19714
19610
19843
20040
19874
21319
21422
21523
21627
20793
20864
21704
21773
21146
23075
23126
23527
23844
23310
22822
22866
23149
23874
25148
24178
24239
24406
24658
24902
23694
22905
23838
24409
23216
22644
22653
22451
22748
23088
22117
22260
22367
22393
22074
21779
21735
21961
21852
21660
21648
21568
21446
21478
21504
21522
21497
21449
21464
21183
21236
21194
21035
20942
21092
21064
21031
21012
20946
20916
20982
20871
21639
21454
21244
21160
21221
22007
22026
22108
22967
21844
22267
22483
22601
22540
22972
21856
22082
22255
22358
22265
22370
21986
21902
21090
21228
21928
22109
22142
21804
21184
21327
20659
21216
21424
21903
22450
21204
21202
21017
21281
21981
21878
22302
22472
22180
22484
22602
22555
21922
22107
22363
22843
22973
21091
21169
21520
23358
23442
22459
22549
22618
22544
24143
24294
25422
26793
27032
26148
26196
25915
26067
26198
26364
25891
25687
26092
26366
26391
25816
25894
25892
25973
25784
25766
25712
25374
25638
25162
25474
25584
25694
25915
25217
25481
24607
24987
25090
25453
24490
24367
23979
23909
23234
25053
23574
23856
23978
23403
23212
23146
23215
22966
23288
23468
22208
22888
22003
22038
22727
22002
21978
22017
22007
21834
21950
22320
22506
22650
22813
22005
22106
22207
22095
22004
21957
21945
21978
21731
21733
21409
21694
21835
22206
22472
21542
21551
21605
22006
21114
21059
21078
21098
20498
21039
21117
20332
20420
20220
19836
19988
19726
19339
19164
19177
19073
19053
18574
18960
18559
18232
18533
18665
18226
17939
17724
17556
17667
17665
17370
17678
17404
17312
17384
16984
17091
17070
16802
16766
16761
16613
16559
16313
16076
16124
15997
16058
16025
15993
15815
16065
15389
15631
15641
15341
15178
15167
14823
15150
15073
14686
13994
14507
13646
13784
14053
13715
13651
13684
13808
13895
14080
13757
13556
13636
13755
13477
13203
12175
13201
12486
12130
12035
12047
11917
12030
11824
11710
11717
11527
11313
11436
11324
11395
11180
11400
11401
11120
11044
11025
10758
11014
10977
10796
10838
10127
10324
10724
10755
11072
10114
10017
9991
9525
9939
10057
9656
9653
9461
9488
9622
9291
9232
9250
9167
9006
8927
8935
8948
8948
8955
8940
8943
9003
9058
8722
8599
8930
8541
8605
8403
8186
8195
8110
8037
7745
7848
7382
7773
6884
6791
6681
6696
6730
6675
6532
6495
6339
6365
6161
6248
6106
6094
5796
5917
5757
5555
5197
5173
5074
5047
5060
4847
4533
4436
4268
4382
4360
4446
4296
4341
3822
3747
3756
3651
3381
3126
3139
2924
2701
2739
2645
2355
2444
2268
2217
2299
1192
1575
1327
2335
1202
862
897
924
608
836
152
197
155
150
183
136
137
244
142
144
143
132
149
151
232
281
223
271
137
135
219
166
388
229
257
311
305
189
173
210
243
379
260
197
149
151
186
142
161
355
273
143
259
145
144
154
153
172
143
152
301
227
240
360
309
245
216
262
261
411
292
320
282
187
674
188
276
1411
1725
1008
695
633
432
262
333
902
383
144
314
179
1221
960
984
801
212
620
280
263
733
474
1001
985
1496
1147
1136
451
361
343
164
264
212
178
936
1206
528
660
7605
9713
2304
7534
8881
14461
2100
10588
15002
4346
2450
6081
7769
9584
355
227
313
