328
231
266
157
151
170
266
205
135
123
277
193
187
187
199
179
132
170
150
129
126
246
133
160
126
142
121
121
130
118
120
216
187
133
152
133
151
227
147
117
123
124
119
146
169
131
230
126
121
163
136
124
124
128
141
138
142
127
154
173
125
172
198
174
126
127
131
120
147
144
264
266
241
122
150
145
135
133
153
131
126
161
172
162
139
133
133
190
126
121
177
123
135
141
156
131
130
124
136
160
131
134
180
127
201
229
143
139
165
134
127
122
262
144
147
162
135
165
125
147
193
167
130
195
237
129
130
200
157
212
148
142
176
175
120
126
119
218
120
259
167
139
182
168
119
222
256
129
127
214
193
133
124
135
126
129
129
129
122
138
177
165
269
214
129
126
130
126
158
194
188
185
129
254
147
194
173
132
120
137
125
128
139
170
156
128
175
191
233
251
209
127
179
128
126
217
172
253
141
178
130
133
136
184
179
223
259
139
187
132
128
123
122
131
121
193
278
250
156
226
185
126
142
147
148
128
136
134
129
120
136
158
130
219
141
139
137
247
130
128
128
157
183
161
182
131
148
194
208
154
188
136
128
125
137
146
141
160
164
127
123
127
140
126
141
153
149
230
220
126
119
125
131
132
129
130
119
123
128
124
130
128
134
136
136
143
124
229
207
164
151
129
169
132
132
243
152
189
141
146
159
149
194
155
135
132
221
522
469
182
422
140
182
168
138
137
137
147
127
148
179
181
181
133
128
124
118
129
130
170
242
206
130
192
215
127
119
124
139
182
173
126
127
121
219
125
129
122
127
128
122
127
229
255
121
122
143
167
168
138
176
125
121
162
146
174
146
132
128
248
286
194
211
235
265
181
130
128
117
209
241
134
135
163
230
175
159
136
133
132
149
142
124
130
130
133
135
131
134
128
118
128
127
144
263
140
137
177
232
240
249
122
124
123
206
173
128
128
126
146
187
168
130
126
129
187
129
128
124
125
200
194
294
137
147
148
134
180
130
125
121
123
198
122
134
145
128
131
125
233
145
207
294
150
137
167
131
139
166
140
152
131
123
128
200
181
150
148
131
120
268
168
127
138
164
127
120
133
126
138
143
206
226
156
129
131
128
118
134
135
143
129
129
131
130
135
173
126
132
262
260
134
125
127
134
134
124
128
130
199
218
126
124
129
126
126
145
255
130
177
176
196
121
136
182
151
135
130
118
127
125
146
171
168
130
129
130
189
195
163
136
129
127
129
155
287
200
125
123
129
167
265
151
133
151
131
199
228
250
179
145
154
188
268
141
141
170
156
135
139
140
168
127
124
127
125
227
128
230
237
135
129
121
178
152
134
131
128
127
149
123
231
125
268
294
130
120
120
130
125
192
192
131
159
124
127
217
243
279
248
134
253
284
362
242
214
169
129
138
184
124
219
120
128
126
131
163
210
195
129
128
135
161
185
135
137
127
120
124
151
122
125
125
137
151
155
133
146
128
242
227
273
139
176
182
173
216
133
119
135
179
131
128
127
176
176
132
122
203
159
127
129
136
131
122
120
120
121
124
123
118
126
135
129
126
139
132
128
122
127
143
168
178
126
126
126
233
273
163
137
163
125
210
227
164
152
125
125
172
133
141
148
166
160
142
134
128
138
137
150
154
179
195
128
134
141
156
146
129
130
120
135
182
129
269
128
418
277
277
260
294
193
193
196
191
226
151
142
136
149
133
128
134
144
130
178
122
116
138
174
155
125
172
136
182
131
125
125
133
120
203
133
161
207
130
136
149
206
145
165
127
124
139
173
155
127
229
434
282
192
272
368
239
270
408
276
283
415
323
292
193
140
217
120
209
279
135
128
133
134
129
129
128
173
136
123
128
130
192
188
131
249
125
130
128
137
134
152
137
131
158
143
164
141
129
127
238
134
133
206
162
131
129
128
209
205
162
129
262
299
128
135
119
142
127
255
128
123
200
119
134
138
122
120
137
176
238
131
132
135
167
218
132
120
124
127
131
125
126
135
126
253
208
165
148
134
183
195
173
136
127
259
149
130
174
167
223
143
120
133
129
207
124
204
137
219
167
176
239
139
124
221
131
126
130
135
123
123
119
128
131
128
120
214
130
157
128
236
129
151
183
191
128
261
129
125
132
129
141
145
190
228
180
131
132
207
126
134
124
204
129
234
240
229
226
265
183
215
116
105
116
140
115
169
237
238
191
186
131
129
138
127
330
181
119
330
209
241
128
132
127
182
211
178
204
200
167
219
259
257
176
256
191
144
201
238
245
244
140
125
