329
297
281
264
133
294
174
251
208
146
141
155
163
172
213
146
151
215
263
270
146
215
135
219
209
235
257
139
211
209
252
258
285
135
257
177
145
268
151
177
233
202
229
187
241
150
144
152
187
157
325
263
179
272
297
146
160
155
144
188
146
143
188
257
243
312
285
242
157
153
221
189
203
137
304
171
178
137
261
137
253
244
269
142
191
210
277
153
154
218
253
149
196
193
217
277
230
203
161
194
258
149
165
141
135
219
222
298
202
151
215
247
214
237
153
193
144
263
250
140
248
220
239
316
212
252
142
203
137
255
233
434
221
177
233
232
265
260
141
174
146
187
314
128
185
186
240
139
237
239
274
180
144
135
242
241
196
135
285
145
248
142
141
215
173
208
775
207
266
139
187
150
271
135
239
199
129
190
142
212
209
243
141
215
300
303
141
224
187
249
141
136
234
210
293
233
244
266
280
224
160
146
236
238
284
271
240
240
153
216
194
263
259
237
139
290
139
178
270
276
222
236
143
212
274
206
243
192
283
212
160
270
144
140
190
186
134
147
181
141
211
224
252
180
149
192
172
212
245
219
