341
507
638
733
826
909
908
977
1002
1124
1132
1213
1260
1348
1349
1444
1460
1574
1549
1662
1666
1773
1793
1928
1928
2052
2069
2175
2187
2307
2322
2445
2482
2613
2602
2709
2735
2812
2827
2944
2953
3031
3084
3160
3182
3265
3275
3396
3389
3564
3577
3669
3694
3794
3783
3900
3839
3980
3995
4075
4044
4119
4138
4275
4281
4385
4399
4492
4526
4621
4642
4765
4773
4884
4830
4904
4900
4989
5021
5139
5139
5202
5179
5266
5323
5398
5456
5544
5575
5628
5655
5747
5765
5837
5849
5943
5922
6008
5998
6073
6104
6203
6215
6303
6307
6402
6397
6457
6493
6564
6563
6677
6669
6785
6751
6865
6853
6980
7002
7098
7106
7207
7226
7298
7302
7404
7433
7539
7571
7628
7618
7722
7678
7794
7751
7868
7891
8017
7985
8062
8078
8174
8159
8288
8311
8410
8404
8447
8478
8588
8620
8745
8759
8871
8912
8976
8958
8988
9031
9111
9172
9250
9258
9372
9360
9541
9533
9645
9663
9707
9691
9798
9778
9893
9854
9971
9942
10026
10076
10194
10180
10328
10351
10452
10473
10607
10618
10757
10776
10900
10838
10916
10846
11015
11037
11105
11148
11182
11179
11270
11287
11397
11375
11518
11527
11652
11659
11822
11838
11940
11977
12013
12074
12177
12214
12389
12410
12505
12633
12623
12743
12753
12785
12821
12907
12936
13008
13052
13082
13201
13267
13363
13427
13461
13517
13610
13635
13730
13722
13815
13859
13972
14007
14110
14092
14079
14081
14148
14196
14270
14298
14302
14339
14440
14491
14572
14634
14705
14770
14840
14897
14975
14971
15043
15100
15143
15193
15285
15330
15427
15465
15495
15501
15612
15632
15756
15747
15873
15897
16020
16054
16139
16173
16254
16306
16406
16434
16510
16553
16633
16714
16790
16881
16931
16950
17004
17092
17124
17202
17191
17286
17329
17415
17439
17465
17566
17611
17682
17708
17780
17826
17877
17931
17960
17975
18039
18086
18138
18145
18208
18249
18352
18308
18400
18308
18414
18460
18567
18581
18674
18731
18762
18846
18884
18968
19004
19067
19062
19164
19189
19301
19311
19397
19421
19546
19496
19615
19649
19753
19813
19894
19957
20025
20080
20167
20208
20273
20336
20264
20332
20379
20444
20484
20561
20571
20646
20656
20747
20774
20865
20906
20989
21023
21093
21147
21163
21182
21256
21288
21346
21365
21424
21491
21575
21593
21641
21718
21807
21844
21984
21939
22072
22043
22156
22098
22246
22260
22398
22395
22486
22522
22620
22650
22752
22747
22830
22910
22974
23017
23051
23156
23172
23290
23311
23486
23492
23584
23624
23731
23781
23887
23944
23989
24020
24131
24172
24321
24283
24409
24397
24521
24518
24636
24638
24695
24762
24799
24797
24877
24872
25032
25022
25153
25190
25264
25313
25426
25477
25579
25614
25721
25768
25860
25913
25990
26064
26197
26266
26409
26406
26522
26506
26606
26614
26705
26702
26829
26770
26883
26880
27018
26948
27043
27033
27124
27109
27218
27201
27327
27325
27448
27423
27522
27540
27633
27623
27642
27667
27757
27762
27879
27854
27964
27975
28078
28092
28166
28183
28254
28283
28387
28404
28447
28469
28493
28499
28589
28600
28699
28702
28747
28729
28859
28894
28988
29015
29118
29054
29154
29136
29237
29211
29308
29317
29352
29273
29360
29396
29452
29463
29544
29557
29637
29637
29751
29751
29782
29824
29907
29834
29817
29963
29918
29887
29984
30024
30081
30086
30150
30067
30124
30121
30242
30214
30322
30344
30454
30475
30541
30599
30596
30583
30693
30702
30824
30767
30878
30893
30970
30982
31077
31039
31137
31104
31212
31212
31306
31318
31413
31418
31493
31507
31616
31620
31748
31725
31804
31826
31832
31882
31940
31968
32063
32023
32067
32137
32182
32158
32251
32265
32220
32319
32336
32334
32385
32406
32361
32463
32477
32442
32494
32530
32599
32603
32664
32588
32641
32652
32679
32656
32704
32787
32847
32844
32891
32936
32978
33011
33065
33086
33157
33200
33248
33251
33263
33324
33367
33354
33399
33475
33550
33578
33595
33533
33565
33608
33701
33699
33741
33809
33857
33913
33991
34018
34124
34164
34186
34047
34111
34119
34206
34052
34122
34188
34146
34120
34081
34170
34179
34310
34322
34379
34437
34415
34453
34294
34074
34179
34122
34255
34168
34252
34213
34349
34312
34437
34360
34384
34360
34367
34204
34318
34211
34172
34188
34183
34161
34272
34186
34255
33985
34033
34060
34144
34149
34061
33964
33911
33945
33839
33914
33947
33524
33634
33662
33145
32505
32103
31011
29450
