276
173
258
411
755
924
284
372
406
162
205
219
175
173
282
338
380
132
2188
2382
2503
2534
3911
3120
3205
3330
3612
3150
3136
3235
3304
3118
3161
3107
3116
2945
2774
2577
3047
2707
2447
3113
3305
3327
3460
2851
2851
3041
3119
2833
2676
2708
2760
1989
2109
2584
2418
1863
1927
1879
1873
1938
2229
1804
2115
2175
1936
1834
1835
1720
1599
1743
1786
1460
1282
1153
1123
1248
1272
1064
1282
730
822
889
751
481
486
615
864
956
432
668
345
155
165
371
438
174
175
152
158
161
151
151
153
449
155
158
170
153
159
161
224
146
125
153
155
141
137
140
141
143
165
266
236
189
133
122
125
131
133
140
128
150
150
249
220
931
847
871
776
844
950
328
510
272
519
727
963
391
324
290
421
513
226
245
282
305
431
599
226
189
139
139
152
236
143
138
146
143
131
122
142
134
151
186
133
142
141
180
133
155
142
137
155
159
519
331
212
146
170
187
275
258
166
161
139
126
208
165
147
155
175
260
336
331
250
270
274
254
141
162
137
146
523
360
304
169
193
192
198
237
248
311
330
416
443
432
407
402
441
485
424
373
358
327
330
396
379
392
460
450
439
242
318
198
212
227
177
209
196
183
220
133
152
186
200
819
805
766
608
341
286
260
225
239
214
132
133
136
128
131
126
137
128
123
146
138
229
153
173
505
500
414
464
309
190
202
291
364
384
300
284
328
180
200
202
226
204
184
171
147
134
157
134
137
154
161
1010
839
856
849
713
689
709
557
563
802
814
342
517
644
331
350
368
190
334
194
240
548
603
135
147
135
130
197
247
139
132
135
136
508
425
345
154
150
525
596
476
1449
1495
1775
1996
2481
2030
3009
3021
3255
2517
2442
2807
3553
3384
3401
3563
3487
3521
3667
3396
2966
3737
4575
3451
4296
5299
5892
5240
5299
5330
5420
5739
6411
6659
6698
6710
6455
6509
6199
6417
6571
7893
7713
7829
7942
8197
8447
7141
7303
7534
7229
8456
8299
8390
8569
8650
8303
8401
8274
8088
8954
8958
9074
9225
9490
8646
8661
8951
8821
9305
11152
10838
11271
10040
11126
11289
11382
11660
10772
11532
11569
12469
12342
12261
12218
12198
12193
12107
11965
11960
12656
12710
12739
12749
13307
14096
13750
14230
13985
13495
13469
13457
13321
13336
12981
12986
13179
13810
13975
13267
13822
13706
13339
13742
13937
14306
14404
14441
13832
13888
14200
13826
13871
13992
13944
13750
13894
13651
13846
13452
13224
13130
13276
13113
13140
13298
13383
13972
13767
14816
14837
14124
14430
14649
13793
13824
14145
14083
14206
13877
13955
13484
14190
15780
16245
15653
16364
16616
16304
16309
16399
16623
17052
17108
17275
17554
17580
17631
17639
18668
19818
20029
19122
19174
19678
19390
19060
19197
19480
19486
19390
19555
19378
19379
19282
19061
19507
19606
19737
19950
20326
19215
19767
19833
20058
20148
19584
19257
18943
19292
18792
19053
19481
20242
20415
19318
19425
19799
19407
19474
19811
19330
19799
19498
20461
20073
20228
20254
20302
21721
21323
22272
22773
22615
22804
22154
23100
23268
23787
23579
23757
23495
23515
23622
23756
23616
23013
23532
23568
23056
23023
23045
22746
22812
22673
22459
22498
22450
22449
22254
22158
22259
22157
22110
22108
22132
22349
22292
22210
22037
22184
21924
21675
21834
21823
21864
21909
21984
22138
21936
21947
21964
22048
21955
22819
23521
26129
26424
26618
26582
25979
26713
26814
26585
26650
26839
26906
26537
27191
27336
27006
26839
26880
26616
26851
26972
27026
26920
26693
26459
25821
26291
26529
26325
25794
25811
25376
26080
25110
25315
25024
24880
24800
24571
24616
24743
24597
24639
24811
24880
24954
24994
25095
24883
24764
24489
24402
24259
24202
24192
24164
24162
24075
24050
24047
23876
24047
24076
23834
23932
23827
23788
23825
23573
23816
24318
23816
23932
24010
24045
23830
23706
23684
23556
23385
23327
23224
23262
23314
23236
23347
23230
23171
23156
23284
22964
22583
22706
22820
22790
22870
22643
22635
22493
22423
22306
22412
22389
22405
22340
22302
22224
21955
22217
22426
22441
22473
21552
21702
21806
22383
22269
21632
21649
21557
21513
21571
21439
20992
21188
21429
21366
21004
20424
20423
20426
20361
20339
20342
20383
20451
20437
20719
20720
20809
20398
20413
20181
19986
19956
19877
19587
19740
19741
19856
19345
19846
19833
19981
20001
19736
19380
19457
19071
19105
19226
19043
19117
19496
19601
18788
18929
19588
19672
19824
19185
19266
19111
18940
19059
19077
19299
19523
19735
19336
19370
19429
19355
19059
20422
20549
20666
21503
20664
20723
20887
21111
20696
20821
20911
20936
21040
20801
20814
20895
20806
20503
20689
20886
20519
20351
20130
20322
20257
20261
20040
20274
19761
19888
20134
20029
19465
19789
19809
20108
20113
19679
19578
19818
19889
19376
19567
19609
19734
19775
19192
18938
18943
18849
18903
18653
18596
18462
18591
18478
18514
18500
18495
18533
18522
18662
18999
18821
19040
18580
18619
18323
18527
18358
17935
18149
18169
17971
17899
17941
17294
17377
17985
17553
18028
17375
17485
17318
17314
17338
17465
17073
17197
17470
17594
17095
17261
17298
17374
17151
16982
17054
17015
17013
16984
16964
16824
16796
16919
16767
16843
16767
16849
16678
16388
16211
16230
16211
16181
16356
16413
16304
16433
16385
16335
16315
16247
16177
16140
15999
15975
15955
15907
16003
16011
16062
16472
16540
16294
16173
16241
16163
15935
16047
15943
15926
15930
15646
15891
15444
15879
15355
15251
15170
15196
14854
15255
14898
15186
14939
15323
15351
14988
14713
14675
14758
14677
14614
14482
14531
14489
14367
14444
14573
13915
14060
13857
13891
13740
13709
13601
13524
13465
13499
13467
13581
13328
13436
13359
13425
13350
13331
13192
13175
12996
13249
13027
13024
12556
13360
13410
12919
13474
12589
12569
12526
12638
12578
12599
12664
12680
12152
12172
12309
12511
12529
12228
12358
11612
11921
12656
11174
11205
11126
11396
10819
10770
11289
11486
11848
10204
10409
10555
11199
10107
9935
9907
9623
9815
9900
9250
9988
9634
10071
10167
9611
9432
9502
9638
9423
9470
9262
9320
9320
9038
9152
9193
9104
9251
9196
8950
9095
9263
9310
9082
9140
9083
9010
8935
8860
8677
8599
8581
8585
8692
8608
8505
8209
8138
8054
7866
7882
7785
7585
7471
7415
7323
7263
7281
7234
7202
7083
7112
6967
6949
6998
6616
6528
6643
6620
6398
6514
6497
6435
6426
6275
6351
6270
6177
6165
6454
6430
6425
6502
6110
6229
6336
6519
6543
5914
5972
5890
5804
5560
5611
4910
4988
5119
5312
5630
5765
5374
5156
5274
5235
5301
5250
5315
5320
5377
5296
5228
5316
5474
6344
6450
6590
7679
7938
8463
8430
8249
8366
8438
7995
7987
8333
7797
7560
7797
7821
7720
7969
8390
8585
8507
8500
8675
8013
8741
8568
8122
8753
7872
8004
7843
7769
7461
7798
7745
8391
8095
8099
8148
8061
7993
8287
9348
9743
9829
9835
9854
9785
10599
10436
10420
10080
10141
10540
12249
11780
11718
11862
11852
11612
11654
11632
11179
11662
11612
12288
12678
12778
12105
12139
12001
12045
14432
14531
14434
14633
14767
14351
13616
13845
13826
14858
15008
14364
14428
14434
14200
13820
14302
13864
13734
14793
15351
15504
15941
15968
15867
15675
18737
18778
18501
19460
19556
19204
18966
19058
19052
19099
19133
18896
18957
19372
19447
19035
19187
19226
19326
19291
19716
19584
19807
19645
19528
19579
19522
19919
21511
21169
21987
22286
22265
21848
22004
21723
21620
22161
22188
22182
22401
22708
23299
23371
23950
24007
23629
23868
23901
23927
23104
23502
23755
23850
23913
24111
24147
24035
23406
24259
24182
24375
24970
25489
26843
27006
27391
27393
27462
26834
27706
27379
29322
29369
29430
29402
29308
29302
31376
31480
31429
32517
32695
32332
32119
32210
31781
31850
31995
32097
32268
31766
31542
31273
31215
31303
32040
31237
32299
32142
32228
31937
31938
31894
31129
31530
31603
31848
32554
32067
31906
31799
31759
31346
31522
31496
32051
32165
34080
34236
34213
34472
34838
35203
35171
34355
34584
34604
34553
34306
34065
34265
34504
36610
35771
35827
36045
36092
35573
35380
35862
35445
36034
36113
36976
37018
37038
37097
37012
36974
36941
36776
36294
36454
36575
37309
39503
38721
39707
39911
39767
39203
38932
39002
38862
39063
39604
39450
39723
39224
39377
39578
39627
39713
39239
39513
39549
39832
40394
40035
40520
39886
40330
39860
40098
40015
40013
40203
39883
39926
39889
39873
39876
39838
39711
39677
39482
39462
39023
38950
38963
38935
38762
38679
38599
38672
38982
39023
38988
38489
38354
38511
38673
38977
38326
38495
38759
38402
38166
38216
38120
38132
37792
37779
37748
37881
37777
37813
37803
37658
37798
37676
37428
37507
37193
37601
37621
37231
36996
37320
37235
37203
36809
36788
36851
36356
36614
36568
36331
36358
36320
36111
36107
36340
36106
35880
35923
36221
36055
36025
35565
35649
35746
35813
35273
35228
35097
35041
35354
35046
35069
34956
34701
34898
34841
34467
34476
34230
34308
34387
34118
34138
34151
34518
34356
34469
33764
33769
33567
33436
33262
33301
33268
33031
33036
32934
32991
32749
32698
32502
32454
32377
32330
32196
32231
32370
32689
32842
32745
32862
32635
32635
32829
32724
32662
32792
32843
32512
32691
32811
32404
32455
32400
32383
32205
32233
32162
31773
31621
31655
31664
31669
31759
31758
31510
31613
31614
31731
31883
31980
32041
31751
31810
31857
31993
32299
31842
31991
32043
31827
31764
31592
31734
31618
31532
31897
31186
31452
32044
32099
32115
31653
31691
31492
31570
31221
31111
31084
31035
30974
30870
30512
30180
29855
29853
29421
29625
29473
30217
30104
29556
29025
29556
28841
28765
28439
28558
28524
28491
28541
28428
28239
28230
28244
27894
27907
28081
28409
27653
27869
28035
27630
27691
27631
27281
27482
27309
27437
27531
27061
27239
27226
26858
26626
26749
26641
26583
26404
26339
26254
26266
26379
26247
26261
25908
26003
26190
25721
26106
25191
25755
25086
25083
24871
24984
24765
24585
24486
24296
24446
24296
24396
24465
24494
24566
23801
23917
24076
24112
24604
23775
23491
23427
23626
23393
23281
22731
22585
23225
22801
22702
22794
22793
23129
23380
22687
22592
22320
22084
22213
22400
22523
22502
22531
22261
22238
22026
21609
21645
21828
21264
20913
21007
20550
20825
20373
20420
20651
20612
20356
20368
20404
20155
20324
20379
20369
20322
20211
19991
20102
19962
20148
19679
19849
19929
20023
20255
19654
19777
20118
20098
20341
19756
19781
19630
19267
19247
19402
19526
19112
19023
18866
18924
18982
19150
18934
18450
18515
18475
18758
18174
18179
18250
18014
18166
18057
17794
17616
17683
17789
17717
17865
17597
17128
17954
17379
18044
17019
17030
16992
16746
16798
16771
16741
16562
16749
16520
16489
16541
16456
16718
16919
17185
17221
16606
16401
16459
16606
16457
15788
15868
15224
15694
15108
15148
14893
14958
14847
14959
14669
14366
14391
14698
15135
15022
14106
14211
14569
14607
14135
13979
13956
13819
14081
13879
13940
14017
14041
13971
14123
13775
13747
14045
13667
13483
13508
13413
13484
13427
13210
12896
12944
12840
12502
12692
12178
12041
11859
11685
11391
11692
12277
11984
12465
11434
11469
11677
11520
11519
11477
11463
11456
11536
11141
11362
11201
11036
11016
10993
10824
10794
11032
10772
10685
10810
10135
10081
9757
9333
9400
9574
9553
9728
9421
9502
9574
9816
9854
9119
9526
9824
8742
8796
8822
9039
8577
8179
7729
8240
8341
8544
7991
7996
8149
8161
8077
8072
8038
7786
7827
7458
7880
7396
7584
7357
7148
6711
7082
7414
7302
7481
6886
6846
6754
6663
6603
6132
6321
6161
6047
5633
5885
5532
5481
5376
5040
5092
4962
4886
4899
5079
5187
5278
4825
5087
4817
4797
4766
4766
4760
4801
4656
4620
4554
4509
4474
4397
4259
4266
4023
3909
3942
4030
3806
3677
3764
4050
4161
4178
3604
3558
3470
3277
3621
3319
3438
3617
3703
3119
3089
3102
2966
3024
2934
2483
2676
2284
2441
2271
2268
1436
1221
2256
1990
1245
1191
662
629
650
1722
1884
930
1174
1393
1676
1682
904
3787
3919
3761
3788
4294
3809
3424
3281
3198
3858
3881
4039
3976
4048
4935
4810
4721
4746
4930
4779
4983
5007
5089
5991
6104
4825
4898
5168
5020
4921
5103
5026
5109
5484
5472
5451
6291
6079
6282
5371
5683
5299
4835
4834
5664
6057
5978
7328
6127
6210
6333
7287
7366
6976
7061
7950
7208
7480
8568
8581
7636
7755
7826
7625
7791
7987
8274
8306
8335
8631
8899
8232
8393
9395
10504
9750
9881
10831
10109
10585
10475
10745
10233
10204
10090
10591
10942
11061
11061
10106
10189
10212
10154
9067
10144
10381
9700
10529
9605
9819
9930
10089
10240
9889
10084
10438
10282
10617
9701
9887
10060
9610
10201
9543
9518
9542
8531
8468
9046
9247
9446
8304
8206
8448
8200
7579
7448
7305
7287
6953
6990
7796
7648
8184
8515
8499
8688
8068
9967
11816
12344
11685
12269
12522
12084
11992
11935
11328
12227
11853
12797
12837
11971
12411
12075
12619
12850
11893
11387
11750
11668
11652
12570
13707
14095
14140
14433
13590
13931
13959
13485
13867
13742
13782
13987
14272
14253
14328
15273
14468
14585
14688
16945
15161
15824
16367
16120
15382
17040
14060
15601
14451
15481
14348
14248
13052
12981
14203
12736
12724
13952
13328
13385
12708
11888
13467
12611
12264
12171
11829
10511
11390
11778
10411
11349
12267
13218
13589
11495
11510
11683
12418
13754
12461
12500
13291
13561
11643
11795
12340
12418
11615
10293
10548
10818
10188
9917
9759
9632
9813
10061
9486
9529
10597
9010
9060
10194
9039
8292
9729
9768
8471
8770
8989
9726
9782
8395
7540
8238
8943
8443
6675
6964
7235
8482
7952
6789
4460
5225
6587
5387
6879
3524
3683
4317
4974
1935
3319
3958
962
1372
1918
1248
1687
1790
1150
702
590
507
538
532
322
581
503
916
507
663
623
433
409
692
675
284
312
227
443
254
206
255
209
164
165
145
134
150
154
129
197
365
352
450
375
142
136
133
130
127
141
122
143
163
268
156
139
148
151
146
130
122
126
187
230
130
139
131
136
156
190
150
130
178
139
238
142
131
131
129
152
234
236
133
272
231
131
123
132
191
134
140
142
134
122
241
120
133
127
126
132
122
142
211
165
185
135
130
116
134
133
115
139
131
124
118
116
153
162
134
188
213
135
206
384
1277
2728
6230
3768
4625
6593
7616
7861
3437
3505
3988
5629
5800
3354
5503
6216
7076
5974
7000
7545
7709
8844
7217
8224
7857
8814
9335
6692
7544
3336
6912
6453
12081
12579
8164
9090
11530
11917
9249
9569
9866
8076
7538
1277
2706
4034
5101
5560
318
222
512
241
198
819
517
175
251
1394
370
1210
209
2358
2498
3547
6476
2332
207
196
200
202
229
183
209
254
