995
372
3231
2605
3021
3107
3240
2836
2535
2392
3115
2771
2948
2495
3263
3123
3286
3088
2761
3769
3546
3758
3907
3113
3237
3367
2580
2757
2520
1945
2381
3088
3588
3258
4327
5270
5467
5577
4073
4306
7464
8160
8424
6983
7261
6804
7659
6734
7775
7880
6580
7218
7439
7578
8811
6135
6542
7214
7308
4918
6480
7117
7853
7209
7808
9603
8571
7918
11452
11703
12094
12575
11028
11288
11915
16504
16860
15209
15302
15574
17298
17420
16754
16804
17289
18052
18360
16605
17842
17980
18361
18540
17022
17229
18441
18798
18931
16695
16710
16091
16848
17581
18422
16000
16268
16337
16916
18162
16135
16533
16904
17095
17326
15196
15676
16219
16924
17416
15994
15700
16855
17236
17539
15083
15191
15561
15754
16742
15030
15244
17362
17655
17832
15776
16524
16563
16758
17137
15077
14894
15518
15960
16681
16825
12536
12742
12889
13811
15966
10559
11361
11416
12806
9104
13208
9091
9336
10072
10909
9051
9383
9462
10052
10052
7969
7938
8361
8436
8877
9123
7331
7499
7633
7930
8579
6806
7516
7741
7830
7979
6580
6726
6809
6916
7044
5518
5632
5898
6067
6250
3809
3959
4492
4654
3623
5013
3428
3453
3516
3770
4331
2876
3353
3913
3966
4265
2352
2407
2708
3014
3217
2011
2069
2231
2336
2434
1458
1797
1918
2052
2159
1382
1450
1628
2322
2359
244
274
685
919
1720
309
23
33
166
18
25
73
52
240
348
321
20
18
84
275
224
173
171
122
16
29
156
538
303
512
471
369
44
41
634
636
650
21
12
83
14
45
84
19
12
61
9
21
210
341
114
9
149
170
124
33
81
172
185
22
9
19
24
23
102
107
123
15
31
104
127
125
63
33
156
42
38
13
14
11
15
65
80
132
11
70
18
25
12
10
13
18
16
100
13
26
95
90
14
15
10
11
49
12
13
28
15
11
11
11
19
33
31
9
10
13
14
206
15
13
70
2640
2764
2853
2130
2280
2475
2058
1765
1636
1540
1203
1720
1855
1897
2087
1198
1410
1649
2339
2852
1926
2055
2082
2315
2477
786
973
1280
1485
2311
926
1085
1689
1738
1984
424
1297
434
554
540
376
441
594
619
219
222
241
224
317
261
157
19
18
109
28
66
10
117
77
22
11
13
10
11
11
119
71
9
11
61
24
119
22
22
122
13
12
12
66
16
10
105
9
15
122
11
11
12
11
112
76
39
15
63
196
106
35
135
108
54
27
443
346
357
219
103
46
31
9
11
127
10
12
36
20
42
14
16
33
12
106
18
10
25
138
73
187
138
147
24
16
137
109
64
19
128
115
77
162
83
78
17
44
26
333
9
111
17
10
32
128
74
10
11
18
13
14
16
257
38
91
70
13
56
33
17
10
10
11
13
10
89
102
71
15
64
13
38
10
48
11
47
23
44
10
130
13
83
56
359
54
28
102
17
52
11
13
167
86
12
169
16
198
525
108
147
178
125
114
137
67
194
300
129
89
16
23
96
15
50
19
8
10
96
92
10
107
87
59
89
71
18
13
41
145
94
178
17
92
10
101
30
39
25
150
130
10
102
60
48
128
98
44
71
27
87
24
45
9
93
118
69
27
14
27
68
12
17
44
10
16
13
69
9
17
13
16
320
292
81
87
367
213
15
9
22
10
28
30
120
21
28
12
11
32
12
22
10
16
13
102
34
168
64
46
136
15
26
151
59
21
517
419
415
35
20
169
259
60
183
31
88
10
81
11
162
134
89
204
48
54
55
66
27
25
75
25
143
243
178
192
74
13
9
21
18
12
226
395
154
28
13
50
11
216
208
107
684
279
132
293
281
101
213
161
269
256
96
46
33
10
31
251
260
55
9
197
180
22
226
13
278
33
217
114
18
13
163
67
180
14
232
211
14
10
221
29
31
38
9
12
26
218
103
16
161
16
12
51
38
17
17
38
24
220
241
14
30
107
82
52
19
12
199
9
15
18
10
212
9
10
48
36
113
237
22
17
16
61
24
139
169
112
25
127
9
13
17
77
100
101
48
11
202
109
82
10
169
70
9
38
71
65
143
18
28
21
13
16
147
152
36
10
140
223
153
55
19
9
327
14
12
12
18
10
195
10
11
32
84
97
62
16
93
55
254
46
212
38
71
19
14
207
20
259
175
147
16
314
205
64
180
144
194
155
13
14
17
22
15
20
36
14
12
208
112
15
12
16
89
16
18
30
21
26
8
14
23
10
12
122
15
86
18
93
32
32
15
9
10
12
40
20
12
15
31
10
50
79
396
166
24
27
13
8
178
19
239
12
8
13
155
43
13
218
189
24
14
212
174
200
14
16
183
11
13
669
10
70
73
13
14
54
416
82
14
14
14
164
12
13
148
15
22
39
232
17
46
14
135
153
9
10
39
12
13
14
9
68
15
13
13
16
28
9
85
9
189
229
11
46
22
75
24
10
101
206
204
25
27
74
56
47
54
28
126
55
31
84
175
57
78
125
