283
340
335
308
338
353
349
438
454
313
406
442
401
469
462
430
436
294
261
368
426
319
261
312
339
277
270
273
379
336
312
229
301
305
221
288
264
301
262
299
310
295
370
288
295
374
414
417
395
403
429
529
431
424
398
498
424
521
552
431
442
530
466
535
569
463
558
479
511
557
418
504
457
453
546
478
530
486
541
540
608
605
517
582
553
643
661
601
581
568
581
692
700
669
713
718
726
807
767
798
793
861
871
862
920
920
839
815
842
811
838
846
784
974
970
920
911
835
869
880
906
992
958
922
893
1009
926
904
941
885
903
941
947
963
904
975
965
963
950
955
976
1067
1060
1016
1057
1028
1036
1163
1098
1096
1139
1141
1154
1224
1214
1208
1208
1233
1300
1283
1345
1258
1214
1251
1349
1313
1309
1270
1292
1319
1322
1322
1365
1377
1371
1416
1441
1454
1357
1375
1373
1487
1413
1420
1411
1461
1490
1513
1542
1559
1525
1585
1615
1577
1564
1470
1493
1508
1528
1582
1521
1585
1576
1607
1644
1509
1607
1538
1513
1652
1643
1599
1581
1589
1596
1705
1735
1739
1728
1743
1743
1762
1838
1758
1854
1830
1826
1885
1869
1794
1903
1916
1930
1828
1891
1827
1828
1983
1984
1894
1902
1938
1867
2071
2055
1979
1983
2051
2059
2073
2140
2126
2161
2089
2041
2176
2183
2141
2145
2004
2132
2150
2141
2168
2112
2157
2051
2201
2209
2199
2194
2163
2143
2214
2207
2209
2248
2166
2202
2282
2292
2314
2236
2212
2218
2361
2358
2339
2336
2349
2290
2425
2392
2406
2415
2337
2383
2472
2456
2468
2397
2438
2394
2525
2525
2510
2472
2462
2515
2556
2619
2619
2589
2585
2581
2632
2711
2634
2572
2626
2646
2691
2656
2665
2663
2670
2663
2717
2708
2715
2693
2720
2735
2823
2823
2848
2753
2841
2764
2862
2862
2867
2804
2838
2870
2952
2929
2881
2882
2907
2789
2965
2949
2840
2923
2925
2935
2916
2978
2942
2951
2963
2955
3078
2865
2877
2865
2865
2916
2946
3007
2936
2936
2938
2944
2935
2975
2962
2926
2953
2994
2907
3039
2885
3032
2959
2985
2943
3005
2993
2982
3061
3052
3092
3076
3020
3078
3106
3104
3104
3111
3127
3178
3165
3229
3218
3250
3227
3277
3326
3251
3289
3231
3250
3318
3279
3286
3306
3293
3293
3418
3265
3378
3260
3270
3272
3310
3300
3368
3288
3313
3283
3376
3293
3379
3359
3323
3317
3420
3366
3414
3377
3328
3372
3385
3307
3344
3356
3334
3346
3393
3436
3438
3415
3373
3352
3362
3453
3426
3398
3397
3399
3486
3482
3485
3487
3477
3516
3488
3547
3550
3520
3541
3513
3585
3582
3615
3559
3594
3633
3642
3658
3670
3704
3680
3670
3725
3733
3739
3738
3804
3710
3721
3752
3758
3765
3743
3764
3735
3659
3710
3753
3734
3734
3651
3733
3770
3783
3764
3800
3807
3781
3788
3885
3894
3867
3893
3872
3857
3893
3843
3863
3815
3864
3856
3948
3859
3878
3823
3834
3852
3947
3975
3936
3938
3907
3921
4061
4046
4049
4038
3969
4013
4001
4085
4056
4050
4039
4074
4149
4161
4164
4138
4138
4233
4157
4124
4276
4235
4110
4203
4239
4245
4185
4105
4126
4211
4135
4193
4188
4025
4135
4133
4103
4168
4125
4085
4118
4173
4187
4207
4181
4200
4139
4204
4256
4249
4180
4197
4198
4314
4256
4208
4230
4215
4152
4255
4240
4225
4209
4203
4204
4370
4221
4269
4220
4081
4157
4212
4203
4204
4228
4220
4217
4295
4199
4250
4028
4076
4125
4047
4039
4136
4062
4024
4047
4141
4171
4148
3944
4127
3966
4066
4050
4078
3948
3916
3995
3976
4035
4059
3930
3930
3941
4040
4052
4051
4061
4051
3973
4133
4098
4111
4070
4050
4008
4183
4112
4064
4097
4119
4066
4185
4027
4183
4015
3976
3961
4012
4048
4026
4012
4037
4065
4071
4050
4054
4142
4100
4133
4212
4157
4143
4152
4182
4200
4139
4226
4208
4185
4261
4269
4289
4235
4266
4296
4368
4294
4369
4293
4333
4381
4464
4373
4279
4382
4296
4425
4415
4248
4370
4318
4266
4384
4323
4264
4362
4378
4326
4401
4340
4349
4205
4384
4217
4269
4307
4368
4233
4253
4262
4370
4392
4308
4342
4398
4381
4470
4265
4296
4312
4265
4195
4296
4279
4293
4270
4298
4295
4336
4267
4254
4182
4242
4183
3957
3956
4203
3909
3960
3858
3741
3966
3925
3685
3626
3609
3676
3539
3684
3608
3555
3556
3516
3416
3627
3385
3510
3337
3384
3365
3390
3328
3398
3371
3239
3244
3237
3319
3235
3166
3173
3094
3261
3086
3123
3183
3016
3034
3021
2897
3047
3086
2916
2957
2931
2849
2964
2854
2912
2937
2978
2852
2857
3017
2923
2799
2782
2809
2788
2812
2827
2818
2880
2848
2799
2797
2781
2855
2569
2797
2619
2541
2442
2470
2282
2052
2118
2125
2078
2066
2017
1804
1962
1869
1856
1478
1096
1251
1258
384
810
687
275
365
260
357
132
135
135
132
135
133
137
136
132
129
127
142
186
194
157
167
150
145
141
142
137
137
140
