653
407
553
452
524
397
256
309
242
114
205
165
147
128
190
334
163
12
181
9
262
306
310
347
343
443
525
661
176
110
21
603
495
171
96
163
395
126
216
193
122
349
302
490
458
320
377
725
552
542
485
387
172
406
117
662
486
38
30
95
19
194
177
523
761
548
166
21
95
149
79
258
168
433
120
63
36
174
778
673
191
280
199
159
155
80
56
124
618
174
294
295
577
270
125
355
217
218
92
32
141
440
458
489
502
317
178
362
281
165
17
401
602
552
507
478
368
549
275
259
402
219
317
368
356
470
588
148
216
161
134
187
174
159
464
542
182
174
927
820
779
681
1479
1443
1016
778
696
254
256
651
102
78
8
223
727
652
709
607
7
112
501
361
94
202
219
124
224
602
285
142
320
567
156
730
562
159
238
219
101
72
89
160
726
480
298
99
249
547
370
514
478
253
376
218
52
369
89
724
511
440
482
1708
1539
1226
675
250
778
123
175
250
106
50
168
281
194
84
48
19
7
56
9
60
16
8
114
119
10
98
8
8
47
38
8
129
120
9
118
9
250
207
39
575
499
362
419
54
56
133
957
215
256
219
243
115
148
105
277
166
249
164
133
308
125
246
982
928
901
640
647
417
477
369
458
451
294
58
324
189
173
547
401
270
106
308
183
86
98
134
326
25
484
320
11
198
91
328
8
120
181
191
358
212
9
629
587
514
707
291
598
724
446
442
374
644
623
280
60
15
444
633
375
357
257
351
129
212
8
331
254
65
236
660
284
80
266
150
306
828
173
368
402
349
380
454
417
511
593
446
341
248
128
59
191
10
49
243
120
120
146
495
485
252
633
530
291
189
65
799
782
695
687
175
235
240
281
1011
960
662
870
382
352
82
326
531
388
312
324
190
132
56
213
327
198
64
155
224
113
94
105
366
316
371
54
97
461
130
223
195
60
178
251
103
566
585
427
397
405
528
419
206
286
144
635
848
705
580
210
152
525
37
178
252
21
357
334
432
748
139
130
356
139
8
314
281
227
211
213
162
142
7
15
48
130
8
8
7
137
8
6
140
9
8
8
8
127
132
8
7
8
11
8
9
8
8
8
9
8
74
1142
860
586
552
35
434
363
337
145
674
431
418
220
846
805
773
795
790
271
360
567
572
216
252
36
387
693
75
8
103
31
59
72
290
327
318
308
149
153
174
83
37
62
308
446
393
278
102
32
71
60
307
332
243
153
133
512
295
8
267
169
215
188
373
387
329
272
437
698
24
368
329
326
563
206
155
204
427
716
245
164
144
9
876
597
419
243
160
347
133
36
7
729
698
653
401
392
383
165
601
350
198
64
552
9
400
279
126
313
157
17
899
635
554
65
277
194
208
225
422
201
40
936
516
503
333
443
241
136
86
96
45
412
293
64
56
477
8
361
167
20
64
75
69
9
8
295
135
272
241
195
199
45
142
178
58
322
74
37
242
148
354
10
723
280
130
194
168
8
531
322
298
11
287
107
125
73
834
364
353
9
650
731
621
383
114
91
637
492
706
739
693
439
502
9
382
328
123
290
42
597
454
257
366
378
154
100
161
329
340
524
221
55
8
100
8
8
8
8
10
109
7
67
8
8
7
7
9
8
8
7
105
7
7
119
12
109
98
269
115
102
8
154
191
126
305
834
400
343
98
221
366
92
9
144
8
819
813
230
8
110
477
400
465
410
39
397
472
8
264
469
222
77
516
365
269
264
305
258
112
107
177
80
654
383
137
481
494
415
311
8
395
275
152
152
105
249
236
145
507
490
150
60
94
424
261
751
304
156
375
170
79
224
189
38
55
48
27
20
423
243
59
508
738
543
448
378
829
797
269
185
361
122
329
405
325
298
146
274
7
177
179
258
521
334
35
1011
932
742
567
419
7
491
304
126
158
336
301
271
389
780
524
393
1010
1088
716
613
390
486
326
193
367
381
263
144
365
170
726
661
374
235
187
136
676
631
585
119
85
131
421
104
79
48
105
70
7
83
61
8
7
8
8
8
8
7
127
9
10
11
132
136
8
8
117
8
8
496
433
417
259
738
345
300
82
212
379
564
453
394
180
97
235
356
685
722
540
326
590
245
415
370
169
158
267
269
185
223
55
560
550
222
217
172
278
470
132
138
274
77
49
79
148
153
434
347
480
631
331
139
414
530
513
519
102
265
7
603
317
215
206
210
210
158
85
624
240
348
166
279
492
273
215
204
638
646
473
483
8
9
69
8
119
157
306
58
133
24
62
470
226
208
116
149
279
358
371
491
550
168
310
85
0
