565
351
331
451
650
435
341
366
336
356
467
568
332
399
336
334
426
441
399
472
403
456
352
344
384
482
448
316
333
475
331
353
435
452
392
335
455
393
427
330
346
315
310
310
465
420
377
334
383
419
347
325
331
340
528
475
654
405
313
330
381
386
421
342
308
369
311
320
435
456
385
334
432
327
324
611
412
406
312
473
399
320
365
555
597
340
477
400
334
344
399
354
343
337
370
313
335
389
323
313
330
404
336
431
433
340
465
309
374
366
336
422
323
329
327
392
385
312
416
432
499
405
472
316
331
375
311
412
418
429
356
335
416
345
365
423
349
394
341
339
721
556
464
462
330
310
333
329
311
316
336
317
401
424
334
332
411
337
314
395
342
326
324
331
394
410
325
339
415
449
464
385
466
336
414
416
329
332
343
399
402
419
367
428
367
312
346
470
341
327
312
312
324
317
313
338
428
327
387
366
316
318
334
322
317
326
320
315
406
401
966
648
514
432
775
389
337
412
389
402
425
391
418
420
330
399
386
317
330
382
329
415
482
371
370
440
410
352
340
386
394
427
391
401
329
349
390
733
333
363
315
332
340
327
428
333
471
399
447
351
434
339
336
444
461
472
396
390
451
338
312
321
329
404
338
377
318
416
316
331
344
376
344
340
385
409
312
312
333
437
480
370
311
410
446
342
436
336
401
375
371
508
344
647
351
422
327
367
449
321
451
496
314
434
417
435
370
313
317
315
315
325
353
388
414
438
442
338
329
312
318
319
436
752
474
476
439
400
417
420
396
319
356
346
377
453
397
326
337
352
430
321
373
457
337
395
396
328
327
319
403
316
318
318
315
323
451
440
397
337
370
479
431
337
400
466
336
442
367
449
409
335
348
320
313
320
349
377
440
326
326
606
511
332
340
354
443
400
379
333
326
317
339
315
319
448
319
312
337
337
335
338
390
397
318
328
615
319
315
393
428
358
403
334
320
371
336
374
450
396
426
398
318
411
393
345
392
336
329
459
456
381
455
426
389
370
418
541
424
442
408
328
317
383
321
319
336
388
325
398
357
350
444
329
443
353
456
408
434
342
333
332
347
348
447
360
395
342
311
335
380
341
349
418
342
335
401
397
319
372
432
442
419
331
333
379
409
355
413
339
318
313
387
364
478
316
335
337
428
319
336
319
425
416
418
429
473
367
436
320
318
320
316
312
397
321
321
323
338
416
364
334
476
328
321
374
312
341
458
502
400
334
387
337
328
512
339
339
334
310
421
335
423
326
311
318
329
435
391
475
347
333
330
358
335
333
315
460
476
341
326
328
330
312
333
343
342
408
376
450
310
336
347
404
369
314
443
463
450
449
330
327
316
341
382
334
329
317
364
410
334
405
409
315
744
707
565
447
415
464
419
357
325
359
365
373
344
339
396
343
387
338
466
390
338
334
309
343
367
390
420
464
415
416
335
454
421
422
424
349
347
363
355
331
329
333
336
314
663
534
333
312
316
337
422
331
359
327
324
312
334
405
379
401
336
398
476
387
333
403
334
421
404
317
488
469
447
312
361
330
437
458
331
313
315
370
350
320
354
323
314
333
319
312
310
437
440
359
441
314
444
326
333
328
317
471
463
421
483
329
323
311
402
314
314
342
405
380
430
344
400
393
325
312
400
380
384
387
325
319
331
330
314
405
412
384
446
426
331
336
336
391
380
385
349
407
446
325
318
329
468
363
384
395
392
392
421
419
362
314
318
412
435
315
314
522
338
364
313
329
314
314
401
341
316
449
334
346
342
330
375
421
353
391
330
426
352
458
341
332
339
331
314
373
314
314
334
322
510
444
314
327
387
419
401
386
392
442
334
338
402
374
399
329
311
347
469
394
485
507
430
435
331
445
378
314
442
469
375
464
339
439
426
438
394
338
385
363
427
458
323
330
387
341
411
385
460
387
338
331
456
416
432
347
447
315
387
329
412
311
344
511
396
450
389
426
315
331
380
380
414
337
432
383
411
339
394
312
422
312
339
381
361
383
435
348
383
382
406
332
376
453
394
313
319
402
382
358
375
465
423
442
501
335
405
471
510
314
380
423
330
464
415
386
419
348
357
404
348
392
719
463
333
430
387
423
329
408
328
478
331
479
456
396
457
401
375
341
365
465
327
318
319
322
341
328
485
450
456
379
395
459
486
392
367
439
446
425
336
315
421
478
453
918
346
611
384
348
581
332
439
429
373
341
402
401
315
333
409
329
349
431
456
438
352
411
328
319
1066
451
431
429
384
377
330
432
387
475
427
643
