581
790
574
552
863
632
198
295
398
396
171
145
429
513
163
188
13978
14952
14477
14572
14596
18579
18747
18538
18119
17911
18039
18290
18951
18730
19330
16944
17868
18156
18222
18698
18916
20152
16187
16230
16298
16625
16713
16661
16080
16107
15805
15913
16474
17350
16841
23855
24762
22462
22930
23372
23896
25657
22747
25466
26282
26608
28121
29210
25891
27662
29818
34379
34884
35779
33107
33457
33641
37238
39183
39515
41250
36863
37156
37382
37860
38766
38804
39080
36476
36566
37265
37606
35580
36126
36396
36339
36506
36642
36615
35377
35237
34611
34459
33723
33730
34439
32592
31480
31525
33124
33928
33533
34165
28829
29242
29633
30785
31878
32206
32670
28720
28948
29038
29287
28662
28721
27913
27538
28104
28592
28748
27506
27368
26497
27206
26779
26113
25587
25557
25593
24375
24433
24463
24763
25084
23129
23911
23319
24223
24436
24682
24899
22591
22821
22903
23122
23045
23665
23878
21669
21954
22206
22332
23803
23831
21673
21734
21751
21752
21681
20891
20869
21659
20738
20683
19999
20367
18589
18458
18784
19591
19430
17391
17871
18246
18326
16666
16669
16797
18857
18947
19213
17726
18210
18495
18851
19146
19775
19798
18239
18022
18353
18522
18703
18886
19032
16635
21169
22178
23737
24185
21137
23284
24317
24805
24881
22102
22299
22871
24006
27404
29202
25746
26520
28475
30656
31437
31653
29770
31783
31657
31979
30114
30421
30877
31099
31556
29329
29953
29526
30021
30231
30379
29080
29476
29284
29138
29124
28311
28863
28817
31134
31179
31974
30981
35666
35668
37189
37480
37482
37693
36369
37733
38185
42871
43799
44044
44541
42367
42745
42855
42980
43563
43683
43756
42813
42583
43029
42182
42516
42535
42916
42983
41826
42057
42467
44645
45048
45298
48150
46034
46177
46461
47252
48466
48878
47181
47392
47535
47955
48602
48678
48706
46606
47088
46590
46591
45961
44244
44515
45001
45167
45360
45550
45423
44041
44252
44064
43695
43740
43153
43841
44035
42958
43466
43369
43366
42248
43405
43695
43887
44346
48502
48618
46349
46545
46793
46869
47040
45298
45636
47011
47134
45655
45709
45786
46145
46199
45170
45331
45476
46000
46249
46311
46451
45254
45397
44690
44735
45096
45348
43798
44058
44560
44860
45137
45714
45542
43108
43489
43571
43849
44390
44896
42602
42806
43040
43549
41215
41515
41907
43088
43218
40075
40382
41028
41345
41986
39143
39553
40363
40382
38077
38375
38410
39175
39293
39311
39909
38479
38613
38652
38008
36032
36260
36556
36764
37030
37785
38427
36548
37136
37636
38153
38209
38338
38318
37094
38359
38468
37418
37311
37847
37868
38053
37396
37625
36492
36614
37606
37753
37866
37913
38343
37014
37597
38039
38104
38329
36619
36673
36850
36987
37398
37042
36520
36772
36024
35499
35938
36236
36250
36530
36294
37216
34918
35188
35417
36451
33633
33832
34047
34102
34196
35577
36724
33905
33945
34711
34763
35231
33561
33224
34096
32715
32820
33004
33143
33254
32722
32613
32793
29655
31496
32337
30236
29865
30874
29016
29225
28590
28097
28359
28497
28056
27665
27678
28180
26667
27887
28551
29305
29229
29917
29873
26668
26922
27387
28875
29347
26442
27929
28160
28959
28902
28733
26881
27169
27592
27910
28125
25856
26227
26688
27055
27238
27275
25408
26217
26619
27292
28046
25189
25545
26350
25761
26474
26628
27566
24630
25091
25797
25892
26449
26690
26833
24812
25336
25866
25950
26633
26757
22857
23696
24559
25487
26087
26736
28364
24226
24406
24603
24859
34878
35373
34320
34484
34962
35420
36543
33353
33466
34369
35524
41926
43115
40034
40299
40351
40754
41206
37667
38432
38499
38516
39047
39347
40602
37334
39607
40263
40965
41040
38114
38172
39192
40074
40113
39774
40515
40078
40756
41601
42114
42145
39441
40136
40239
45374
46551
47813
47869
44291
45292
45596
45729
45989
44406
44496
44672
44890
44995
44222
43931
43741
43332
41526
41862
42068
42310
42856
42597
43396
41419
41608
40604
40629
40743
40763
41341
41476
41630
39623
39917
40650
41339
39332
39419
39360
38944
39066
37001
37564
37850
37965
39169
39163
38389
36432
36940
37122
37456
37188
35863
36561
34130
34304
34648
34971
35127
35532
33572
33885
34346
33205
33228
32074
32237
32131
33012
32526
33783
33942
29758
30560
30652
31842
31686
33012
29452
29894
30450
30498
29097
29266
29506
29478
28719
29023
28839
28365
27978
26301
26504
27128
26018
25961
25839
25699
25786
25860
26094
25293
25518
25951
23251
24678
25047
26165
26406
23359
24375
25362
26693
26370
24778
25060
25274
25504
25798
23638
23541
24183
24668
25415
22844
22998
23029
23437
24371
23591
23020
22715
20325
20993
21151
22981
20793
22684
20012
20003
19975
20122
20890
19921
19738
19449
18516
19570
17026
17566
17499
18118
17783
18333
18062
16218
16648
16906
16947
16126
15873
15782
15507
13095
13898
15364
16299
15795
16785
17015
13382
14115
14166
14616
12621
12678
13479
13048
13295
14278
11408
12719
15257
15349
16517
16553
18134
13089
13464
13740
14512
14939
16187
12407
13256
13058
13353
12762
13641
13995
11103
11713
11598
11412
10871
11494
9699
9045
9759
9530
9872
11394
8715
9289
9445
8763
9522
9892
6602
6578
6808
7431
8354
9252
6129
6152
6782
6537
7027
7152
6169
5492
5612
5418
5242
5088
5978
4852
5275
5438
5529
6132
6435
2509
2030
4058
3593
4220
4878
5370
1756
1769
1101
928
844
827
759
357
543
367
354
843
913
2061
3397
4014
4007
528
431
456
766
511
652
252
421
337
376
282
466
462
283
535
463
525
979
2041
2039
1564
1250
1262
808
433
257
166
847
176
181
181
329
416
326
221
711
593
398
537
233
170
267
357
243
190
190
1357
542
271
265
233
181
591
589
522
447
645
245
299
256
218
349
238
213
209
291
375
380
413
563
304
583
697
1202
295
203
852
487
1291
521
470
366
451
249
245
379
178
154
143
143
212
208
207
183
157
572
408
340
257
819
147
365
387
290
1110
163
288
175
313
240
226
202
162
320
226
429
394
357
200
200
318
434
401
283
295
343
