389
230
373
240
392
274
364
128
137
210
135
248
253
151
220
229
269
223
155
273
225
246
194
232
305
159
456
196
142
174
232
253
208
153
219
205
207
208
253
147
199
163
138
233
179
135
136
179
248
196
229
260
223
235
257
206
139
196
273
153
149
273
147
137
269
135
149
215
264
226
227
213
204
154
243
196
167
140
202
223
188
197
148
153
228
175
197
247
138
176
225
153
153
268
144
129
132
153
239
209
144
204
235
283
237
214
232
203
145
140
150
237
163
209
141
157
234
215
245
248
143
190
269
204
265
