651
694
768
804
827
880
892
959
984
1057
1083
1074
1086
1152
1172
1190
1303
1221
1312
1284
1369
1334
1373
1425
1556
1567
1610
1621
1634
1721
1844
1810
1840
1957
1996
2035
2175
2193
2210
2245
2354
2300
2429
2386
2381
2336
2373
2426
2545
2561
2604
2631
2656
2720
2759
2812
2895
2908
2920
3015
3238
3213
3350
3340
3372
3490
3473
3496
3545
3574
3588
3718
3687
3713
3706
3771
3797
3852
3833
3877
3883
3888
3977
4079
4059
4087
4092
4095
4199
4285
4292
4250
4343
4384
4409
4359
4343
4415
4405
4419
4520
4410
4486
4422
4418
4483
4333
4434
4522
4293
4353
4434
4461
4494
4478
4516
4541
4711
4707
4640
4748
4657
4655
4709
4747
4726
4747
4724
4740
4853
4932
4938
4933
4944
4947
5034
5044
5088
5120
5089
5106
5116
5163
5116
5128
5060
5059
5066
5076
5076
5093
5142
5183
5189
5212
5238
5063
5143
5112
5133
5148
5157
5115
5200
5258
5223
5230
5230
5223
5335
5303
5343
5301
5324
5293
5413
5337
5336
5327
5337
5304
5366
5445
5391
5445
5442
5451
5500
5537
5533
5569
5501
5494
5560
5538
5558
5585
5575
5628
5709
5722
5683
5697
5767
5735
5871
5870
5913
5902
5920
5892
6043
6048
6028
6017
6059
6013
6178
6166
6122
6172
6139
6155
6289
6319
6332
6368
6356
6371
6484
6418
6464
6491
6521
6550
6541
6637
6608
6636
6650
6651
6653
6627
6734
6737
6811
6764
6790
6833
6860
6877
6858
6915
6882
6885
6915
6925
6968
6972
6986
6973
6990
7002
7022
7027
7047
7070
7169
7175
7160
7171
7163
7146
7189
7225
7239
7203
7117
7142
7238
7254
7298
7282
7300
7255
7311
7300
7368
7376
7316
7364
7399
7413
7427
7402
7443
7463
7502
7504
7488
7520
7516
7607
7562
7588
7593
7604
7693
7651
7687
7747
7800
7809
7923
7972
7990
8022
7982
7985
8132
8136
8098
8107
8124
8130
8375
8384
8372
8393
8398
8409
8597
8590
8611
8618
8648
8616
8709
8771
8787
8724
8767
8749
8819
8921
8946
8945
8949
8895
9009
9038
9049
9063
9052
9066
9200
9235
9194
9236
9167
9186
9205
9335
9213
9250
9201
9234
9324
9327
9266
9314
9307
9360
9426
9424
9444
9462
9460
9496
9564
9581
9555
9587
9512
9560
9616
9638
9662
9676
9729
9717
9768
9772
9813
9862
9852
9862
9902
9961
9980
10053
10055
10052
10059
10111
10145
10224
10238
10212
10221
10256
10275
10362
10355
10381
10384
10447
10437
10467
10484
10522
10597
10632
10626
10662
10692
10754
10772
10776
10773
10861
10874
10849
10873
10837
10858
10951
10928
10944
10812
10829
10967
10936
10958
10929
10974
10945
10982
11024
11101
11102
11009
11016
11047
11127
11127
11167
11195
11187
11263
11298
11304
11379
11387
11376
11392
11449
11471
11412
11458
11426
11495
11533
11552
11481
11478
11484
11570
11530
11607
11609
11604
11615
11681
11701
11803
11788
11823
11840
11914
11943
12018
12049
12049
12088
12096
12099
12156
12145
12223
12195
12204
12194
12224
12333
12358
12302
12296
12287
12303
12417
12421
12430
12395
12293
12300
12416
12463
12415
12431
12523
12612
12799
12961
13019
13094
13264
13366
13650
13674
13766
13759
13708
13803
14086
13999
14004
14089
14102
14136
14192
14245
14117
14147
14192
14259
14267
14329
14268
14306
14356
14495
14439
14498
14515
14508
14547
14643
14775
14740
14681
14723
14745
14759
14785
14788
14784
14806
14872
14965
14936
15006
14962
15062
15133
15135
15161
15222
15233
15281
15270
15304
15293
15323
15322
15326
15397
15428
15425
15469
15514
15544
15593
15558
15629
15612
15591
15580
15698
15669
15660
15712
15731
15696
15759
15781
15748
15809
15946
15988
16029
16058
15949
15904
15962
15954
15986
15911
15930
15991
15983
16028
16042
16052
16074
16095
16131
16088
16160
16187
16200
16277
16297
16268
16357
16372
16409
16422
16484
16502
16588
16583
16674
16693
16747
16762
16844
16861
16931
16966
16966
16960
17003
17025
17084
17052
16951
16901
16910
16885
16621
16760
16678
16778
16802
16785
16749
16709
16806
16835
16858
16614
16749
16710
16738
16642
16652
16543
16751
16559
16378
16356
16327
16240
16294
16151
16018
15811
15876
15913
15908
15909
15870
15873
15589
15568
15522
15316
15291
15301
15235
14985
15206
15003
14830
14854
14880
14895
14582
14539
14075
14131
13992
14018
13964
13801
13847
13480
10542
9984
