213
494
372
720
915
269
247
276
141
141
343
451
125
129
124
415
135
156
192
122
125
140
135
130
127
117
206
192
227
368
111
132
135
269
128
132
165
123
148
148
127
127
159
211
125
255
275
469
977
614
174
140
188
167
403
126
117
138
270
151
133
180
158
163
180
184
169
191
134
148
114
348
309
127
130
226
759
243
185
143
121
140
128
135
137
128
128
134
127
315
417
254
356
131
148
128
121
169
477
802
710
547
130
137
134
127
328
178
313
293
348
149
124
447
422
158
123
132
219
410
126
307
352
132
127
310
205
134
138
181
156
129
124
128
355
294
146
145
193
146
308
297
339
373
140
142
450
367
450
421
176
192
127
200
142
161
186
126
127
137
180
127
123
129
245
266
189
156
123
160
125
558
624
331
258
132
256
193
131
158
202
198
158
136
140
143
256
129
125
124
128
135
144
123
397
212
135
138
130
120
129
131
182
440
353
341
530
382
414
434
208
126
173
134
407
124
124
134
183
143
144
167
164
342
393
386
333
371
198
133
123
127
349
352
408
228
123
131
123
407
461
467
129
135
141
145
140
141
143
180
182
330
314
133
126
239
208
182
148
435
279
208
148
161
134
124
131
205
483
342
474
183
206
347
121
127
129
130
125
141
154
177
139
173
211
133
127
131
276
160
125
302
130
124
128
134
283
358
492
224
283
136
128
319
324
178
132
120
141
163
154
362
138
151
131
135
173
136
126
128
122
126
152
175
159
193
134
155
122
443
134
134
127
121
132
123
126
117
127
399
130
120
441
222
128
125
454
138
176
127
123
128
321
354
142
507
465
484
192
256
129
128
131
131
154
133
124
235
283
383
176
141
139
170
142
175
147
128
348
233
130
124
129
163
459
225
165
132
123
127
351
183
140
173
303
198
131
294
128
130
173
127
127
130
123
126
487
377
501
378
212
346
131
119
132
175
127
132
384
137
133
130
128
130
172
130
189
134
140
371
125
437
223
183
181
141
148
138
148
145
184
173
289
173
130
445
321
172
130
127
137
148
200
173
243
204
140
183
164
137
147
130
137
162
136
371
432
328
479
307
125
339
313
136
134
125
125
126
128
130
143
162
144
129
138
196
128
390
122
141
136
128
160
127
196
129
130
403
337
141
132
299
166
134
127
123
130
224
247
134
126
130
128
281
179
128
146
129
129
122
383
127
420
128
128
351
392
391
338
414
176
131
135
130
194
142
156
188
155
446
569
578
264
457
250
238
170
129
128
121
133
129
131
134
233
216
131
136
153
320
130
120
127
260
127
128
382
249
136
169
124
251
508
134
127
128
123
119
226
131
124
133
158
135
163
131
121
121
310
269
162
312
228
199
156
129
128
121
135
152
375
400
134
171
127
195
137
149
131
223
167
133
140
126
121
206
139
149
131
120
116
126
450
288
273
167
245
259
380
418
341
462
365
315
187
133
179
142
159
134
158
207
131
142
188
132
123
281
121
123
273
129
143
165
143
128
128
134
127
150
363
260
128
125
127
227
246
138
123
366
310
135
172
127
449
177
172
170
126
132
129
120
119
203
212
152
135
186
143
178
269
125
372
473
193
134
124
500
323
305
239
129
153
140
148
127
121
288
129
392
399
149
143
137
182
125
132
208
388
267
135
123
376
342
122
126
310
225
160
129
139
180
140
204
142
125
134
137
145
323
542
287
529
203
193
341
325
113
402
446
227
136
232
224
136
135
128
123
467
220
155
131
338
121
191
329
273
128
127
126
136
180
248
446
433
341
164
136
136
259
137
203
135
139
123
274
131
135
266
128
132
252
301
407
213
401
287
365
272
131
128
119
124
119
179
474
128
126
123
124
207
453
129
355
135
122
123
124
141
343
252
213
221
130
133
304
312
503
481
128
194
141
135
144
122
131
118
452
151
147
141
181
144
322
374
154
182
121
132
125
134
133
135
128
121
123
136
126
124
123
132
124
218
238
356
332
130
129
125
201
189
130
124
133
166
132
132
530
173
125
296
325
136
149
238
121
134
166
470
938
879
2000
1617
2148
1892
1945
211
209
301
156
124
135
122
124
131
211
950
688
360
263
128
168
182
512
414
146
136
120
132
302
340
142
150
183
139
129
152
170
135
122
248
365
202
230
137
698
563
504
330
255
178
303
549
253
144
411
397
150
211
228
722
480
437
159
456
197
214
122
130
121
354
678
707
887
248
242
137
183
374
147
131
320
209
372
376
727
273
257
180
151
281
344
129
262
725
133
618
725
469
128
272
120
312
131
368
377
172
339
172
236
