439
452
428
559
782
762
733
915
851
847
849
1463
1206
1288
1526
1498
1204
1142
1191
1175
906
843
852
828
1034
1087
938
1209
1127
980
1201
1317
1254
1012
1152
1068
1270
1376
1349
1181
1303
1169
1363
1412
1685
1390
1372
1135
1020
1119
1069
1187
868
947
865
815
851
823
655
624
348
348
403
450
389
402
392
398
360
356
338
327
331
339
383
352
343
353
328
345
348
357
421
464
491
469
476
541
579
695
568
535
624
672
1006
771
745
698
678
769
782
749
819
934
733
700
766
941
791
997
863
855
741
817
667
569
481
400
424
458
423
453
363
627
942
1103
969
1079
995
1161
795
981
536
775
526
725
403
303
445
324
314
313
302
308
305
314
324
311
347
319
333
326
407
432
462
448
465
506
680
639
697
705
671
718
886
896
960
954
1004
965
645
1243
619
793
729
730
1110
1365
1174
1066
1077
972
980
1059
1048
930
997
1151
1356
1903
1893
1768
1682
1577
2138
2010
1837
1990
1811
1793
1727
1550
1507
1477
1487
1531
1432
1416
1419
1813
1701
1481
1690
1691
1086
1327
1484
1363
1247
1369
1432
1588
1405
1235
1549
1408
1336
1367
1203
877
849
901
977
1021
963
669
646
549
393
578
575
597
714
582
471
602
343
336
341
333
360
359
381
423
438
348
330
334
420
440
470
477
494
487
626
810
768
880
734
812
692
860
835
748
929
723
760
705
481
471
468
551
574
652
590
636
614
692
595
614
395
433
466
512
541
585
568
676
561
688
599
648
631
527
438
429
433
392
419
426
427
438
427
444
441
390
445
398
379
357
430
507
458
484
470
491
512
561
641
617
507
515
497
417
349
460
490
491
477
421
515
465
639
484
560
616
739
723
766
904
870
1000
991
1075
1022
810
864
968
1114
917
888
860
1056
1024
1020
1030
1076
1039
1296
1003
996
1019
993
962
1035
1182
1123
1135
1154
1150
1379
1071
1141
1185
1020
1106
1243
1171
1209
1163
1222
1156
1324
1330
1225
1130
914
861
1038
1067
861
718
725
708
962
992
1013
1018
912
730
962
1018
950
1043
990
1020
1130
1177
1186
1114
1268
1102
1260
1333
1224
1074
1126
1134
1049
921
753
499
518
543
611
569
568
610
663
696
512
606
624
602
653
506
506
566
522
554
562
659
834
855
919
869
852
847
720
772
851
848
876
935
1093
1058
832
584
533
561
603
638
598
534
561
546
532
386
428
422
464
451
422
443
523
521
511
544
502
523
520
664
817
810
812
907
690
747
880
1167
988
772
1040
615
737
849
834
851
778
765
1000
1020
1026
1075
1093
1069
1218
1279
1367
1174
1202
1204
1163
1259
891
1129
919
940
1024
968
1026
665
694
713
976
952
713
740
580
658
783
782
799
843
822
808
725
819
367
356
348
365
358
395
422
417
323
315
320
317
331
328
359
402
417
447
440
525
503
532
424
444
408
467
320
332
337
352
360
564
480
439
496
637
346
330
325
367
379
448
488
537
508
593
626
800
617
786
659
683
619
680
756
814
800
574
437
770
434
405
503
698
405
526
414
403
357
382
365
420
443
465
514
492
530
637
651
749
801
683
545
613
637
390
395
402
412
413
376
420
406
425
417
469
376
372
351
352
350
362
372
401
416
463
465
455
474
500
414
434
479
446
479
573
603
694
685
703
799
810
551
570
625
560
474
516
395
429
441
486
422
409
393
390
438
453
475
498
537
499
433
411
352
339
383
412
427
466
453
494
499
455
405
421
452
478
496
502
629
711
704
1010
959
981
924
994
1042
1178
1220
1230
1323
1339
1411
1522
1247
1058
1140
1039
1230
1183
1220
1106
1239
1100
1124
1181
1105
1091
1152
1031
1226
1239
1364
1378
1431
1475
1477
1617
1245
1722
1146
1186
1442
1360
1140
1290
954
934
684
782
758
835
790
500
505
675
737
544
555
611
546
600
545
701
698
554
533
869
772
612
635
664
745
821
812
816
605
646
540
576
596
473
530
507
521
556
567
575
486
548
577
557
487
530
434
443
410
373
368
371
400
360
373
416
383
408
367
370
334
343
348
355
352
354
342
338
333
317
328
334
357
329
326
327
346
340
365
327
321
328
364
332
336
384
454
332
327
334
326
360
343
357
367
429
375
361
328
340
328
323
373
328
322
348
355
441
487
440
423
445
478
335
382
421
468
442
420
424
495
402
351
350
367
472
463
534
493
545
584
784
793
756
779
790
933
896
1006
1044
964
1104
1153
1104
1282
1250
1167
1225
1214
863
386
384
756
807
730
1650
1531
1657
1292
1178
978
1089
986
1359
1499
1522
1738
1418
1095
1418
1148
1187
1116
1047
1038
1443
950
1096
930
949
1314
1211
1339
1072
1105
1120
1113
964
939
943
714
724
804
800
496
846
647
610
572
682
468
461
481
456
456
415
376
369
345
436
430
465
454
469
454
454
441
405
392
378
364
435
459
450
424
466
462
531
510
447
490
515
543
532
549
551
671
696
736
669
532
493
513
519
506
549
477
465
484
433
471
507
398
406
373
423
451
444
490
503
545
634
580
639
650
698
534
825
823
730
712
729
811
740
743
769
833
884
905
965
818
801
749
837
1010
1072
1003
1073
1099
1145
1492
1393
1160
1001
957
1427
1721
1690
1641
1570
1570
1502
1471
1461
1456
1541
1636
1526
1444
1494
1430
1717
1636
1628
1603
1592
1599
1682
1639
1519
1535
1770
1672
1754
1674
1687
1493
1652
1737
1637
1716
1750
1792
1992
1963
2006
1903
1966
1944
2218
2230
2146
2256
2274
2139
1930
1876
2123
1852
1804
1609
1735
1486
1471
1617
1702
1614
1857
1903
1804
1721
1577
1541
1567
1651
2124
1987
1945
1921
1918
1891
1740
1437
1518
1535
1720
1749
1839
1825
1919
1969
2103
2140
2007
1970
1796
1779
1716
1992
1449
1398
1490
1597
1635
1760
1662
1583
1816
1634
1485
1494
1522
1444
1111
1561
1420
1074
967
962
643
837
774
907
996
866
912
989
1055
1142
1237
1157
1084
1129
1234
1152
1091
1053
1100
964
925
792
703
698
614
665
854
902
941
982
957
1064
1212
1065
1143
1048
1108
1028
1048
922
965
986
784
823
678
646
547
500
543
606
603
581
703
642
687
799
692
778
646
840
895
938
955
1002
1031
1236
985
886
1022
942
626
757
663
367
368
381
392
372
371
345
383
408
449
639
649
870
838
695
675
829
1017
907
802
779
1178
1014
925
1144
1021
722
727
645
485
596
1029
829
796
689
465
445
452
617
768
718
689
711
576
753
931
812
932
638
708
845
959
511
752
719
856
688
633
850
786
669
703
1182
1071
1040
944
1041
913
723
868
824
1119
1117
935
758
825
1026
1226
1220
1058
1118
1029
1665
1400
936
913
671
750
806
714
705
699
682
664
566
519
560
573
826
891
876
898
918
897
1004
1065
1064
1110
1107
1027
1207
1190
1125
1278
992
952
1135
1252
1335
1133
821
813
1014
936
921
822
688
718
880
887
917
448
445
471
405
355
352
402
430
442
484
457
403
447
445
486
528
440
444
481
557
514
533
464
631
512
366
374
394
369
368
369
363
353
358
394
414
386
411
448
388
410
419
461
507
562
459
425
475
515
465
521
509
478
548
552
779
759
640
729
609
454
389
448
470
468
546
532
577
450
483
497
377
421
443
480
507
500
527
533
597
572
603
632
678
653
588
526
493
562
471
505
479
379
381
364
359
379
358
354
368
354
343
393
427
425
462
437
469
420
355
408
397
435
445
504
529
515
442
392
428
432
491
522
510
551
631
637
640
579
475
446
402
398
410
455
506
545
543
566
569
653
545
660
516
535
527
571
532
550
681
604
434
487
502
848
686
572
501
514
634
777
720
809
503
563
654
717
555
654
593
695
668
359
356
337
341
346
343
391
382
458
380
392
414
461
438
465
475
474
385
394
403
380
387
418
503
482
523
524
531
556
703
531
475
458
434
391
368
368
436
494
500
474
535
541
522
677
412
388
483
480
386
384
397
400
424
410
424
448
431
432
432
473
465
490
483
467
411
387
381
440
488
482
526
500
514
692
652
687
742
600
660
717
725
705
570
610
585
615
646
709
692
809
851
993
993
942
643
480
721
460
422
451
438
472
458
447
385
377
410
406
423
502
444
469
455
470
366
368
343
348
386
397
413
413
374
432
460
441
463
484
520
641
361
348
356
370
379
438
419
465
476
449
416
353
344
346
340
360
409
472
462
481
471
512
546
403
360
375
409
424
410
416
451
401
340
324
325
324
328
334
366
324
340
386
393
377
376
412
340
339
336
352
332
365
370
376
405
442
492
489
498
458
366
331
341
373
453
425
446
477
484
454
498
558
821
555
581
593
633
569
681
833
995
1009
669
816
964
871
963
1028
848
964
969
817
1113
1225
867
1068
642
517
530
740
577
493
541
523
626
572
619
462
422
418
379
377
421
362
353
335
324
373
319
319
314
313
308
311
379
310
310
330
371
377
439
493
484
463
594
580
662
645
628
659
736
825
656
673
521
537
354
354
361
368
382
356
360
357
357
363
367
360
348
355
359
347
355
352
400
445
456
466
468
484
522
501
509
542
561
561
600
576
700
730
708
560
484
541
510
644
512
533
542
575
666
539
674
565
442
538
511
488
501
545
557
529
519
741
534
614
585
566
595
710
580
518
795
599
649
782
706
734
512
474
431
768
613
537
431
399
346
350
398
343
337
334
328
391
386
406
412
451
503
576
473
467
501
779
476
472
604
322
327
361
364
378
441
412
404
433
408
407
408
398
413
439
409
429
439
436
500
535
515
589
497
528
526
389
387
387
397
474
485
434
470
521
550
718
792
807
789
697
881
968
995
975
904
901
984
912
942
930
773
630
527
398
382
393
377
395
416
422
419
478
483
470
504
360
427
346
364
360
363
349
308
309
304
337
306
318
310
302
386
442
424
459
489
498
653
706
712
809
787
667
759
711
771
408
397
370
342
373
351
410
370
386
377
604
484
454
457
503
495
684
698
823
674
662
658
398
383
375
379
362
404
415
396
372
358
353
399
434
388
386
424
411
453
490
517
526
548
520
565
486
504
514
547
457
440
411
366
407
443
439
435
401
466
408
365
411
419
359
424
361
357
347
433
388
400
453
479
450
496
518
570
552
671
618
590
593
627
412
454
486
472
407
451
353
367
367
382
387
377
342
436
462
473
478
463
411
555
424
359
346
358
356
357
372
396
428
396
424
368
383
370
398
366
360
355
408
400
427
456
426
452
444
336
326
326
337
346
347
401
421
390
413
408
422
456
447
515
496
484
483
468
486
504
370
367
364
366
362
398
327
329
322
314
310
324
326
333
373
343
368
335
311
311
321
307
305
302
304
301
318
384
382
442
393
409
363
335
303
307
319
310
313
316
321
326
314
310
311
331
321
335
327
364
341
330
310
303
314
350
318
352
349
312
329
326
343
322
405
361
329
324
374
418
532
402
404
364
334
306
302
301
296
302
306
303
307
432
481
307
317
308
356
316
355
355
300
299
291
296
314
342
309
305
303
312
336
327
307
324
311
296
298
313
304
310
329
295
349
389
434
344
306
304
306
311
304
347
300
298
400
307
329
390
351
400
319
300
296
324
353
310
351
309
300
308
305
309
321
341
337
338
320
318
303
311
340
379
312
318
307
361
306
316
302
308
344
311
309
338
332
324
336
363
293
296
312
333
301
302
296
391
299
307
304
317
326
463
431
327
319
339
352
325
353
318
397
331
312
309
338
341
407
383
351
323
314
356
316
1314
476
314
493
576
329
1052
560
475
334
330
324
308
300
309
297
432
474
293
324
317
335
358
318
326
328
311
398
401
314
315
318
315
347
320
364
304
296
417
358
313
322
316
331
320
328
386
318
362
319
378
408
445
312
297
329
498
339
445
397
299
296
373
420
358
391
441
323
460
410
317
339
295
406
323
315
442
364
357
310
317
356
310
317
340
359
314
298
310
312
296
357
457
335
444
381
331
435
322
312
389
409
347
326
314
294
380
445
349
420
386
401
331
305
359
330
396
309
417
323
454
328
445
448
367
421
381
432
