459
723
838
1527
1533
1665
1548
1860
2190
2616
2731
1701
2046
1716
2338
2348
1934
1721
1696
1653
2161
1777
1761
1677
1660
2893
4190
4392
3517
3780
4503
4381
3829
3853
3786
3712
4143
4238
4116
4492
3725
3711
4087
3977
3928
4388
3702
3767
3613
3501
3656
3893
4003
4012
4005
3549
3642
3686
3643
3456
3368
3586
3633
3653
3690
3731
4189
3963
4008
4646
4110
4158
3884
4170
4014
3742
3759
2751
3450
3480
2989
3080
3224
3823
3329
1862
2885
3145
3075
2521
2633
1920
1648
2205
1231
1551
1222
910
1055
1043
693
601
714
480
568
1234
1315
1210
479
1341
1111
2073
1947
1932
1718
1779
1582
1809
1769
1748
1233
1441
1174
1119
924
874
994
625
596
996
757
846
874
681
672
542
602
412
365
603
239
249
195
166
355
361
452
768
665
774
449
1168
901
556
497
841
1244
1444
1558
1117
971
512
502
739
667
514
754
680
466
903
1154
2009
1743
2070
2238
2433
1966
1897
2024
2167
2624
1901
1837
1307
1590
1295
668
667
572
284
324
509
301
276
215
198
226
525
334
435
204
193
419
318
235
1009
1025
767
606
646
509
583
280
317
209
344
489
361
544
436
581
443
424
186
695
638
496
561
447
1392
1102
1044
989
691
945
860
1186
987
1077
1197
870
662
665
669
666
227
196
484
498
347
530
468
517
568
387
768
511
610
741
703
781
1025
942
901
758
730
2090
2099
1741
1696
1452
1295
1281
2154
2796
2832
2935
2905
1791
1877
1313
1775
1698
1461
1559
1581
1750
2087
2180
1988
2233
1728
1742
2053
2192
2244
2619
2138
1956
1520
1384
1762
1870
1875
1990
2519
2227
2960
2983
3263
3148
3288
2917
2905
2574
2376
2124
2276
2394
2796
2918
1905
985
1789
1996
2214
1669
2445
1451
995
1847
2143
2817
1707
1469
1489
1179
1218
1129
1143
687
1226
894
753
373
508
460
573
398
248
353
334
465
337
338
409
455
209
224
309
240
1134
1024
1107
960
1281
1648
1245
787
705
709
952
907
883
780
780
852
1340
2009
2023
2207
2327
2400
1997
2200
1564
2154
1433
1730
296
1483
1150
281
240
133
134
137
138
131
213
142
133
138
139
263
257
209
235
157
148
139
162
139
155
150
146
151
206
149
183
144
140
131
134
144
133
138
146
169
168
280
239
149
175
153
236
329
762
481
153
159
143
152
232
228
270
674
690
384
420
525
424
290
199
158
144
147
140
153
153
144
139
142
139
235
244
239
214
161
174
150
151
168
185
234
168
155
153
143
128
156
139
143
146
137
159
186
184
209
197
194
215
195
250
209
160
155
198
158
154
150
176
156
156
159
155
247
250
192
142
134
220
144
177
143
139
256
251
130
136
135
138
145
142
135
243
198
279
144
140
148
288
240
158
141
139
145
150
138
139
152
141
153
220
261
316
359
309
177
144
393
168
149
148
151
161
211
235
250
305
295
190
499
470
553
452
223
144
136
180
310
231
138
170
312
742
660
580
453
435
244
877
802
621
683
758
692
520
300
892
885
988
901
798
720
1652
1796
1696
1782
1620
1488
1501
1286
1344
897
898
1670
1744
1205
1261
1993
2208
1736
1591
2064
1830
2083
2004
1863
1498
1757
1802
1471
1423
1610
2083
1826
1791
1792
1682
1045
2002
2892
3146
3270
2072
2942
3198
4089
4465
3094
4282
4441
4526
4601
3880
4132
4000
3689
3188
4795
5063
5331
5630
5995
4566
4392
4525
4615
5213
4898
5459
5160
5818
5790
6250
6350
5160
5651
5866
5422
5177
5878
6748
6779
5645
5821
6098
5600
5114
4998
3850
3697
3779
4187
4269
4285
4051
4033
3812
3691
4140
4164
3576
3352
2270
3540
3040
3141
3376
4475
4250
2821
3053
3262
3864
2955
3166
2454
2741
1583
1588
1287
1619
1826
1481
2351
1035
1056
1568
517
1075
448
428
192
526
577
487
733
2924
3846
4383
4815
4752
4487
4520
4557
4490
5136
5098
5231
5344
5085
5273
5786
5769
5978
5753
6194
6266
7141
7140
6292
5366
6072
6212
6488
6741
5719
5837
6996
7016
7063
6377
6576
6250
6125
5632
5651
5583
5890
5929
6415
6885
6902
6003
6038
6179
6604
7200
6213
6317
6531
6595
6305
6353
6589
5999
6089
6558
6726
6655
6767
7193
6850
7239
6947
7415
7504
5939
5254
5383
6346
6789
7029
5730
5540
5512
4897
5216
4777
4610
4583
4903
4939
4548
4418
4521
4387
4418
4421
4377
4377
4747
4499
4845
4254
4725
4767
4776
4325
4571
4006
3995
6133
5919
5929
6268
6586
8459
8733
8767
8783
8371
8787
8037
8056
8463
8100
8081
7640
7733
8189
8073
8419
7494
7853
7932
7444
7517
7630
7299
7093
6501
7490
6874
6659
7606
6609
6786
7453
6068
8004
7599
7524
9315
8169
8223
8630
8956
8420
8379
8410
8146
8094
7797
7475
7597
7696
6471
7364
7392
7481
5488
6125
6287
7380
5229
6608
6046
6820
6933
5415
6676
6327
6735
9632
8442
8464
9446
9302
9869
8370
8502
8754
8754
8453
8417
8411
8390
8388
8377
8369
8250
8162
8565
8752
8795
9178
8659
8694
8816
8819
8294
8662
8229
8236
7730
7475
7572
7308
7284
7103
7100
7052
7031
7137
7223
6873
7229
7252
6695
6810
6829
6986
6793
6915
6861
7189
7046
7149
6640
6497
6662
6391
6211
6572
6642
6967
5943
6288
6526
6544
5812
5906
6292
5527
5010
5213
5394
4907
4252
4750
4569
4878
4325
4873
4850
5068
5148
4780
4812
4732
4543
4178
4136
4270
4437
4465
4007
3874
3838
3647
3400
3678
3365
3282
3156
2938
2959
2901
2828
2760
2842
2715
2696
2734
2731
2754
2709
2514
2334
2339
2391
2469
2576
2405
2350
2336
2210
2167
2206
2345
2003
2092
2136
2266
1748
1527
1348
1038
1220
1321
1076
1051
996
1068
929
1098
915
1034
728
777
1033
729
711
617
480
374
376
371
473
677
733
632
592
587
578
515
148
152
149
153
144
150
148
143
142
147
138
161
394
264
178
134
156
157
198
211
166
223
162
142
138
136
162
223
235
234
268
145
182
159
181
138
145
144
261
284
180
131
150
161
597
525
532
708
746
842
918
713
377
704
513
614
694
705
744
463
482
378
290
148
138
142
144
143
146
129
163
158
171
376
350
166
154
146
180
137
153
148
133
131
144
144
138
137
266
267
185
149
155
168
179
180
138
177
179
536
453
422
317
296
187
169
258
138
132
133
244
262
171
152
149
147
130
143
147
145
138
133
137
139
142
190
255
140
161
159
148
184
139
134
142
147
159
152
503
407
328
178
227
407
548
362
418
322
290
255
162
136
606
567
531
692
354
299
400
201
1063
1808
2381
2704
2717
2704
2756
2453
2039
2639
2836
2862
3273
2633
2994
3218
3391
3650
2930
2773
2758
2728
3121
3282
3411
3438
2756
3147
3467
3169
3299
3371
3481
3508
4400
4451
4151
4126
4032
4005
4021
3986
4029
3447
3072
3035
3625
3662
3948
3921
4095
4372
4497
4783
3638
3719
4423
4711
4337
5100
5113
5712
5732
6093
5424
5633
5725
5778
6112
4726
5148
4923
4795
5453
5135
5082
5146
5382
5493
5832
5863
5189
6231
6665
6702
6329
6458
6431
6161
6170
6655
5969
5996
5978
5870
5768
5933
5570
5584
5542
5536
5322
4142
3535
4404
5540
6370
6578
5236
5669
5568
4539
4272
4739
4749
5333
4128
3991
4122
3918
4041
4352
4101
4465
4644
3504
3422
3533
3777
3886
3273
2725
2642
2858
2738
2573
2631
3395
3820
4147
3760
3852
4596
5179
5102
4359
5133
5168
5418
5217
5327
5659
6607
6795
5605
6163
5692
5195
5575
5663
5748
5350
5360
5263
5399
5958
6379
6443
5135
5665
6179
6509
6749
5213
5169
5761
5906
5568
5990
6377
6264
6540
7199
6491
6500
6547
6020
6385
6091
6283
7473
7637
7950
6842
6819
6834
7126
7175
6829
6548
6608
6149
7181
7385
6830
6874
7006
6455
6421
6407
5546
5598
6229
6952
7535
6901
6954
7375
7313
6765
6786
6694
7345
6513
5899
6454
6516
6549
7350
5936
5818
5399
5476
5171
5577
5577
5431
4998
5112
5249
4984
4944
4764
4265
4527
4628
4797
4670
4399
5176
4963
4888
4531
4798
4907
5305
5677
5296
4826
4690
4519
4529
4542
4425
4593
4441
4573
4813
5264
4116
4189
4549
4685
4925
4038
4218
4557
4922
4773
3857
3835
3752
3666
3567
2958
3136
2693
2457
2902
4208
3846
4352
4908
4636
4756
4342
4500
4555
4224
4199
3922
3467
2957
3949
3972
4750
3804
5462
5989
5934
5105
5188
5350
5503
5069
5319
5213
5280
5502
5437
5043
5213
5206
5513
4671
4928
4276
4535
4827
4895
4286
4225
4206
4057
3914
4192
3825
3524
3499
3295
3655
4164
3987
3984
1831
3890
2653
3348
2253
2391
2641
1318
1242
1555
2155
1337
1464
1845
778
919
1103
1178
304
363
275
412
494
140
127
133
141
141
208
170
143
144
150
171
231
156
139
132
141
148
212
212
145
153
152
141
271
177
131
142
136
139
126
196
142
157
151
243
133
148
181
156
227
294
492
519
534
693
452
390
383
141
181
142
140
161
158
460
412
399
237
175
176
134
131
140
180
148
135
142
141
150
185
133
210
155
339
144
132
140
153
264
331
140
138
137
265
263
201
142
137
138
145
320
192
256
259
447
944
188
194
243
372
488
256
239
270
225
223
145
135
170
362
366
202
202
474
382
366
251
254
147
141
167
142
150
191
403
204
304
998
1290
1438
1568
2075
2193
1167
1298
1441
1760
1953
876
933
497
164
146
161
150
226
250
144
134
217
212
223
135
137
269
136
139
154
260
185
140
145
268
290
141
161
134
132
134
169
139
150
174
146
138
135
215
188
141
140
180
256
143
238
144
144
144
226
205
138
228
142
125
140
145
145
146
238
229
267
240
238
136
260
285
378
150
284
329
399
1109
533
262
150
270
1147
172
817
141
139
261
147
139
133
133
203
234
174
200
162
149
137
135
220
141
138
192
233
191
209
241
150
143
143
201
201
278
141
205
288
558
263
470
474
143
300
212
184
329
255
483
262
2397
3742
4796
205
1535
228
298
519
284
557
374
185
328
175
252
273
331
