372
330
325
388
346
309
322
326
313
298
326
315
339
374
321
325
320
324
300
307
312
395
437
445
472
469
511
616
522
504
458
447
415
307
346
401
327
343
360
310
364
471
388
372
305
298
297
317
320
311
305
305
305
322
315
340
331
406
357
362
340
323
314
388
305
321
364
323
390
406
380
315
318
364
494
332
315
376
432
322
357
453
333
372
347
381
338
335
308
323
331
320
348
312
307
315
312
314
318
311
321
299
300
327
325
314
343
327
305
314
303
302
324
424
363
329
435
309
314
345
308
340
351
391
375
324
300
309
318
309
309
298
302
303
301
316
298
301
314
317
317
305
318
314
302
304
323
357
377
334
351
307
304
317
328
448
301
305
310
305
315
304
305
316
303
319
298
326
339
297
417
339
342
329
311
315
397
444
468
486
475
448
450
400
301
318
305
308
323
313
324
306
298
328
338
344
313
298
297
302
305
317
310
312
303
304
302
325
299
301
313
356
353
334
367
352
333
332
319
327
298
310
377
342
314
305
313
322
368
336
313
319
350
316
310
305
438
324
356
447
316
451
387
449
342
362
349
337
339
303
314
319
309
450
318
315
301
443
303
306
313
355
341
345
401
336
448
307
320
351
312
322
377
302
402
321
319
305
305
303
307
311
304
299
319
323
328
424
416
367
358
398
368
367
341
362
301
420
360
359
307
308
316
386
316
297
391
384
330
346
325
354
303
311
317
421
439
406
367
374
327
301
317
320
315
307
305
324
307
308
323
306
302
317
342
333
441
305
339
347
387
354
354
343
312
323
309
320
332
308
315
306
317
376
302
318
318
407
338
307
310
334
306
323
314
325
300
336
327
341
317
309
322
316
303
299
310
310
328
306
304
306
305
327
320
310
391
376
336
313
304
322
323
317
310
354
325
322
359
337
324
370
363
325
320
316
343
316
315
309
313
314
301
317
317
299
329
322
337
343
312
377
494
397
334
307
329
299
304
311
323
302
309
312
317
320
308
310
307
316
312
302
316
346
320
318
352
348
321
317
304
330
299
364
319
417
410
305
302
317
318
342
426
317
298
330
325
328
378
315
319
313
326
314
319
300
323
459
534
388
356
363
320
324
380
323
437
298
319
421
394
404
321
322
301
404
310
299
315
311
316
304
313
295
366
437
312
301
325
364
306
323
390
331
362
342
315
344
309
321
314
312
314
353
341
364
479
323
330
341
389
400
324
409
353
299
313
303
308
301
328
323
320
319
360
304
304
308
315
302
312
330
358
314
320
315
299
313
372
327
364
325
338
327
304
310
316
414
391
303
300
299
300
447
358
400
311
298
297
312
316
313
416
308
304
298
420
322
364
327
359
322
313
347
305
314
306
302
317
312
360
296
320
355
310
316
302
309
307
296
326
336
336
363
317
313
304
309
317
326
321
305
322
332
324
324
312
378
314
326
307
307
304
308
329
349
343
318
316
332
302
305
310
318
307
301
453
401
454
467
425
541
473
375
433
326
401
526
419
321
452
432
455
377
424
318
406
318
307
353
328
316
363
315
316
310
332
314
302
431
386
318
309
308
316
301
375
300
322
315
324
433
392
318
310
312
300
374
565
320
315
347
311
313
323
329
325
325
337
321
450
395
564
528
308
303
337
312
316
319
338
327
369
330
305
340
324
312
296
302
319
329
307
302
315
307
309
315
317
353
344
313
322
438
305
304
316
318
314
310
307
312
308
312
317
318
305
379
323
543
369
350
433
354
304
318
353
328
323
304
320
322
380
337
332
316
331
301
302
320
299
316
318
365
353
343
334
315
306
303
296
403
323
335
320
427
322
409
410
441
318
304
319
308
311
310
325
314
355
312
320
307
312
308
330
357
313
299
311
319
311
320
355
351
319
304
314
417
319
315
333
302
323
384
392
389
421
406
380
317
311
297
297
298
333
396
450
492
303
314
309
306
303
313
417
301
315
317
314
328
318
329
302
361
312
315
316
307
398
346
298
352
300
302
368
391
317
313
298
413
412
355
333
399
300
312
324
344
305
375
353
334
318
303
312
317
298
301
298
401
424
318
351
328
301
324
324
317
376
313
357
318
354
390
320
397
307
305
309
317
301
325
312
360
308
535
312
335
428
366
323
418
361
387
332
331
359
336
300
453
338
324
339
311
371
390
351
367
320
303
327
313
302
399
325
424
300
299
397
319
433
325
327
327
325
355
314
301
328
389
314
295
431
327
377
325
356
306
323
376
301
322
380
347
451
306
396
335
438
327
423
385
429
366
462
436
388
372
455
360
