360
300
435
276
293
308
277
270
267
336
275
285
289
365
371
274
301
284
379
292
303
265
329
295
293
287
284
369
315
407
299
381
265
264
331
293
334
286
293
417
345
302
292
307
358
262
280
264
363
280
297
385
276
273
278
274
266
267
321
307
263
310
292
264
393
343
314
285
274
319
278
262
283
305
280
280
312
375
423
371
442
389
397
414
409
275
370
278
264
279
286
292
272
271
265
274
284
387
269
333
322
288
273
271
326
289
278
264
271
271
268
293
283
394
271
267
271
349
366
281
266
266
371
293
304
289
319
354
265
381
278
352
464
289
291
280
295
387
391
327
286
286
276
271
273
272
380
318
275
267
266
291
329
332
296
292
291
281
264
279
299
337
266
417
291
304
280
307
369
413
307
270
279
281
267
427
420
398
307
278
294
394
440
328
290
280
291
290
267
270
288
432
355
281
267
288
267
265
267
272
345
358
274
282
271
269
338
289
277
274
344
379
294
348
331
358
277
270
267
266
386
295
280
269
286
270
273
268
282
281
320
289
273
376
296
284
289
284
299
292
319
298
293
294
292
291
268
383
264
275
269
267
270
316
283
284
328
294
372
406
447
288
413
268
418
268
272
334
289
290
291
288
295
299
293
344
265
267
384
270
311
329
373
347
338
316
288
289
290
383
288
280
284
297
342
322
292
273
337
389
423
378
282
265
405
286
416
291
366
293
307
274
298
298
320
412
366
296
302
304
286
408
434
304
284
311
284
289
287
328
293
278
271
293
280
266
269
270
404
282
262
282
278
402
425
359
453
292
301
278
271
276
265
276
281
269
331
265
291
287
297
319
317
274
337
294
308
293
292
291
405
267
295
281
284
286
280
290
295
354
289
289
401
352
263
399
286
290
379
269
353
291
306
390
357
265
282
306
276
271
345
355
373
403
276
278
282
272
271
271
312
375
348
297
371
315
302
368
274
269
300
303
275
267
297
276
268
396
328
346
388
333
320
325
405
363
339
289
281
263
404
376
267
264
349
354
267
326
303
376
275
308
342
287
280
267
325
423
292
265
367
334
294
290
286
296
274
334
264
267
283
281
271
408
262
276
351
387
299
300
283
290
338
282
265
283
277
283
289
271
266
427
300
302
284
281
284
366
428
280
287
386
278
308
282
291
280
283
288
289
401
274
317
377
290
292
267
282
269
282
271
272
331
406
351
301
420
282
271
289
361
268
270
267
345
299
325
291
336
406
380
285
318
262
287
268
288
266
291
300
282
264
263
268
266
381
295
290
344
352
289
274
283
277
361
356
346
269
279
359
319
276
321
275
268
395
362
343
374
348
367
372
461
300
339
374
365
347
318
370
394
290
268
408
355
289
301
382
346
338
316
412
394
474
384
397
318
287
415
404
420
348
342
370
370
331
407
386
393
328
290
397
382
361
268
