444
500
313
312
320
321
326
304
298
295
308
395
303
296
339
297
284
307
305
290
285
289
373
432
371
365
326
312
287
305
326
301
319
341
288
315
337
305
309
312
335
298
313
318
362
295
302
307
318
311
286
291
285
362
358
318
290
292
324
289
306
303
310
297
290
295
285
312
335
307
299
291
310
314
320
297
316
332
347
335
337
364
295
286
295
289
310
299
291
295
331
305
318
336
316
315
401
288
305
308
301
338
528
324
295
319
314
349
345
366
378
336
320
386
347
341
371
338
355
363
343
400
381
368
595
562
629
349
314
360
308
311
317
302
293
308
312
309
310
297
290
309
309
308
308
290
424
325
550
838
390
1359
1286
1130
455
417
301
293
319
554
545
682
737
709
691
532
711
2036
1894
2027
1851
1723
1378
925
783
1126
1051
726
891
690
669
404
416
489
592
448
573
285
421
293
311
310
363
330
312
287
398
285
427
308
355
405
476
307
325
299
344
314
359
288
299
284
286
349
307
331
293
297
290
307
288
299
309
313
307
349
389
313
285
394
355
310
292
304
300
323
298
337
376
400
400
380
389
312
292
386
332
294
312
300
297
413
293
290
300
330
310
312
351
322
303
300
370
354
392
384
350
327
308
304
294
286
305
315
366
303
308
298
295
323
348
402
344
338
381
397
316
297
311
343
351
291
311
296
300
293
303
295
294
295
298
295
295
303
296
393
357
361
360
326
375
356
306
302
295
310
297
304
297
303
309
315
316
311
302
338
372
324
331
293
347
288
306
294
306
313
348
332
315
315
310
308
315
320
303
302
358
384
299
301
299
298
297
291
307
363
386
308
324
302
310
372
304
300
312
339
310
309
300
306
316
306
297
299
318
307
291
415
311
305
308
307
298
292
295
296
296
295
307
320
307
355
321
301
287
292
304
319
302
303
331
301
293
293
295
299
311
298
304
301
305
314
315
356
309
309
347
395
304
302
304
298
300
309
318
293
292
296
305
292
295
297
296
290
319
305
316
297
452
297
294
299
294
291
300
297
323
319
336
330
319
301
442
458
311
310
304
330
349
352
298
318
288
434
340
307
307
306
310
319
314
313
322
296
312
307
305
340
373
287
312
356
443
304
302
300
306
289
306
318
310
305
289
305
302
289
309
304
287
307
373
301
311
312
333
297
309
327
289
291
352
296
299
353
371
324
387
372
289
419
298
299
297
288
300
324
308
307
302
341
314
343
297
297
294
301
301
292
298
289
287
290
296
294
305
350
341
331
306
287
290
322
291
308
306
298
293
293
288
383
299
358
401
289
289
291
300
298
309
303
303
298
325
325
347
304
328
312
337
367
304
319
374
458
298
312
301
344
289
308
315
319
313
317
312
295
291
285
295
299
307
300
299
299
295
293
329
304
286
299
288
289
283
334
416
336
356
301
292
311
304
318
295
293
292
317
442
287
288
298
291
304
293
298
331
386
463
305
297
303
318
302
311
311
304
297
294
297
282
294
302
335
285
289
324
435
340
299
294
303
288
293
294
293
289
488
436
343
330
396
358
305
350
289
310
342
336
339
318
313
289
391
418
313
291
288
304
317
296
294
300
303
352
315
322
334
357
345
362
374
313
291
309
293
297
292
292
411
350
432
371
291
306
306
296
305
325
377
336
310
284
307
299
315
311
324
350
439
401
476
420
480
511
644
405
521
485
328
358
344
363
291
303
333
294
289
292
294
289
299
297
293
289
298
287
294
292
310
358
322
300
386
293
299
291
289
310
318
309
317
351
335
350
298
289
315
304
317
334
351
353
424
355
324
285
296
302
298
300
354
301
305
311
304
292
291
289
286
311
287
289
289
292
301
332
296
314
413
302
295
300
297
334
307
317
346
367
329
340
438
357
356
349
379
480
306
324
306
304
308
321
305
318
316
299
299
289
297
290
287
298
317
292
286
310
330
346
368
400
410
435
439
437
477
303
332
343
337
330
406
307
295
284
302
355
293
305
291
286
285
301
286
310
355
284
305
337
288
292
319
342
299
299
306
294
297
295
314
303
396
330
312
308
284
289
297
365
301
289
416
312
298
306
295
291
288
303
329
323
316
331
308
404
306
301
305
316
305
312
304
287
306
291
294
292
291
293
294
288
289
286
434
288
293
311
430
308
296
309
298
343
424
344
316
303
290
295
305
304
288
291
334
310
315
337
435
340
358
307
303
296
287
287
308
305
308
324
324
341
375
338
382
326
298
292
454
392
420
311
386
324
292
293
293
299
283
304
341
308
296
287
311
318
335
294
362
341
289
304
305
314
357
329
300
292
329
321
357
355
353
398
291
284
286
312
332
423
286
306
291
289
316
307
377
305
331
297
307
305
291
292
419
292
306
290
293
288
316
295
334
328
298
294
297
304
312
304
309
309
292
290
313
299
527
348
392
308
288
308
368
395
304
305
309
307
309
375
311
297
332
431
292
301
288
286
399
444
398
490
427
452
318
319
465
330
306
462
609
394
335
298
289
415
439
411
308
459
364
298
284
346
388
331
308
366
311
302
286
368
285
283
366
283
297
292
371
456
298
313
301
291
312
402
568
573
496
461
457
371
585
435
290
379
320
302
303
299
281
291
293
292
289
359
418
417
372
368
404
415
439
353
312
310
310
389
399
297
289
401
323
413
307
286
294
304
318
391
293
328
380
378
288
400
369
304
314
295
297
290
288
388
304
373
338
337
327
301
304
406
369
348
352
358
423
318
380
286
347
359
309
302
325
309
393
478
496
315
314
291
285
311
326
317
348
284
421
356
443
311
311
338
297
434
396
371
369
374
423
375
298
359
348
422
362
415
402
300
284
437
409
362
370
348
401
374
394
411
442
308
359
