1135
980
775
499
647
786
536
16
8
657
530
720
329
581
708
814
219
723
899
628
437
404
119
511
414
104
663
842
361
181
285
350
235
178
896
405
269
203
363
260
191
134
23
127
236
144
265
340
15
894
614
382
351
325
331
108
242
161
146
30
227
138
215
60
51
73
16
62
701
403
179
138
140
18
78
16
312
338
243
329
353
307
109
301
89
70
192
210
292
178
346
646
572
547
154
52
379
615
572
156
698
715
533
213
66
56
59
260
133
351
691
621
399
720
546
385
201
122
601
490
374
457
230
444
86
140
622
359
130
369
97
56
95
345
361
342
623
445
349
301
6
89
106
46
9
8
140
82
8
8
140
8
8
133
10
45
77
8
8
8
59
123
10
62
7
8
264
122
161
69
8
120
11
284
307
171
204
110
43
231
217
865
859
550
342
458
176
215
332
530
554
550
463
690
735
690
391
203
447
230
221
106
92
160
662
389
355
191
164
213
8
619
471
273
169
138
318
565
544
489
262
217
9
143
239
170
140
335
384
370
155
581
225
556
427
422
82
352
329
278
421
229
249
226
152
424
412
387
217
1088
948
536
887
895
515
26
533
547
336
781
603
209
96
160
813
778
473
342
317
64
10
120
202
230
162
409
337
334
142
343
585
456
188
157
270
421
290
162
92
50
245
85
261
113
558
193
734
453
215
171
389
114
45
827
738
501
75
172
356
85
71
204
413
453
606
465
358
215
301
420
167
12
397
439
348
485
396
419
230
88
144
97
96
39
454
100
19
703
418
174
313
190
513
568
245
105
648
320
357
231
159
19
189
903
13
321
177
8
1015
872
663
799
540
745
284
380
344
225
172
423
275
133
7
335
282
264
59
8
8
8
10
35
40
61
109
58
85
7
117
8
8
9
121
112
8
134
11
14
9
8
8
8
8
8
8
9
48
9
79
9
8
75
8
8
9
8
8
11
105
11
8
8
67
10
80
9
79
8
8
9
8
7
8
9
8
7
9
7
7
7
8
8
125
8
8
8
9
8
8
8
7
7
7
8
8
8
8
8
10
9
10
9
51
8
9
132
8
243
333
136
9
312
14
85
38
8
10
8
9
8
10
118
103
89
9
10
118
13
9
8
129
10
8
8
8
7
9
8
8
26
8
8
96
11
8
8
103
122
525
346
100
172
706
660
645
348
220
237
765
461
71
168
555
521
543
450
64
163
277
639
407
278
9
67
8
7
436
113
122
65
91
333
252
24
82
303
272
50
9
315
186
131
130
40
19
82
8
27
568
489
146
161
35
70
14
24
30
55
62
68
27
270
189
7
16
139
551
10
46
298
206
23
76
176
160
86
54
78
466
67
14
239
275
8
142
43
46
110
94
547
221
58
757
676
670
485
371
11
42
289
173
154
478
150
14
428
407
335
82
84
112
536
468
160
291
480
371
294
277
12
39
155
43
546
382
173
173
284
107
215
266
57
79
214
151
374
848
1625
1439
418
936
921
161
120
88
121
107
7
7
86
55
51
56
64
28
8
8
9
72
10
8
9
121
37
98
8
9
121
79
10
10
8
82
20
12
8
126
27
23
107
99
31
147
395
144
239
153
254
8
186
328
277
276
294
156
8
37
239
287
40
77
468
445
648
623
312
449
190
119
118
627
380
123
99
87
172
181
151
194
22
170
388
482
381
330
535
283
94
56
116
377
274
105
145
20
10
7
489
271
254
8
174
28
254
61
120
165
196
441
447
191
213
230
433
756
688
548
9
157
560
37
202
229
121
8
82
296
197
248
161
162
111
63
184
100
325
59
474
471
130
109
62
128
946
215
227
115
271
77
296
323
87
206
187
207
146
531
390
141
64
375
275
117
702
372
52
29
244
129
14
180
94
211
196
145
7
88
699
437
346
471
451
9
631
620
433
399
100
73
120
53
93
95
72
394
34
154
200
469
494
84
133
8
8
7
8
7
135
8
96
77
93
6
16
99
8
6
6
6
72
6
281
286
203
81
78
326
396
49
18
99
41
261
800
1090
399
189
78
14
544
285
649
554
735
728
516
316
352
873
499
150
686
133
149
102
45
7
378
2415
2386
1546
2546
2477
1371
1352
1159
1395
875
603
49
110
134
37
23
895
117
113
76
73
34
110
205
312
194
140
213
161
53
68
67
135
120
140
7
57
77
60
117
101
88
8
12
63
170
217
572
221
133
130
113
66
41
125
41
176
345
129
428
279
213
151
214
371
44
367
790
223
130
230
8
343
214
300
60
174
284
134
272
38
196
105
137
45
109
104
106
110
600
536
110
