302
296
247
277
615
187
228
167
247
248
222
301
318
399
456
138
254
263
181
204
174
137
225
310
161
161
219
143
239
256
219
228
133
141
261
600
348
199
142
212
169
154
210
240
199
140
268
231
134
154
217
135
220
135
252
140
287
463
189
235
143
133
135
297
714
193
130
271
251
205
415
388
264
392
335
367
184
250
194
156
149
141
208
185
189
143
178
316
340
127
123
124
211
191
217
224
188
201
291
190
180
192
137
209
144
267
229
151
173
146
201
141
156
245
157
140
142
308
234
129
273
207
179
142
229
141
221
137
274
262
196
211
139
136
133
136
186
248
218
142
141
132
149
160
383
321
137
225
340
181
160
234
229
414
328
138
140
143
172
139
191
149
149
192
135
148
269
148
156
246
206
275
276
266
231
275
265
241
231
220
250
278
179
155
241
147
230
143
137
176
146
137
209
205
199
161
227
171
126
192
274
170
150
216
338
143
277
142
212
202
234
187
273
240
169
168
248
266
233
139
217
259
275
263
216
189
144
343
139
184
248
286
257
154
214
266
155
225
755
435
137
213
183
410
942
278
144
138
240
248
223
239
132
231
252
145
139
138
195
270
265
230
150
138
209
196
145
184
135
259
152
264
250
155
141
260
274
266
248
301
298
169
238
215
211
144
165
289
644
2174
3654
3910
5098
5236
2035
2384
3405
1311
1367
1098
1921
2799
804
743
885
1398
3952
2180
1715
1800
394
617
718
204
474
259
144
138
139
138
139
245
233
263
262
274
223
210
164
220
158
293
219
277
149
199
162
241
146
149
145
156
209
143
145
265
145
219
143
236
194
230
212
274
145
140
226
216
266
241
196
162
827
1348
3883
3918
4134
1015
280
172
251
275
144
152
139
222
236
240
203
244
140
250
151
248
145
198
144
142
149
286
282
166
184
152
249
215
267
136
135
267
175
142
218
202
218
204
272
139
150
259
160
203
160
134
285
228
242
163
181
163
240
183
192
138
223
143
136
220
213
195
194
221
171
138
150
225
243
240
261
135
139
140
131
143
153
132
143
243
136
216
252
356
300
258
176
251
249
221
208
252
272
152
145
229
136
197
148
171
187
146
138
133
144
136
143
154
140
234
131
148
198
148
376
353
206
211
211
137
205
161
141
183
189
150
254
164
147
194
145
142
217
136
238
151
145
248
140
144
202
192
229
142
284
221
137
233
235
188
279
260
156
137
139
130
155
136
136
191
188
235
141
152
127
224
136
331
169
138
152
141
135
148
182
137
143
192
143
211
357
376
186
193
224
137
319
166
140
150
135
382
190
196
133
134
238
139
140
141
138
232
258
150
209
152
157
157
168
206
303
210
191
197
241
218
242
141
141
145
248
225
145
278
258
142
144
134
271
163
231
145
143
247
144
138
271
143
232
204
146
152
278
238
254
145
253
136
195
209
246
274
266
170
141
223
133
143
142
136
206
272
186
140
136
259
196
140
258
200
221
196
140
254
137
152
280
211
281
147
245
209
137
269
135
134
139
197
198
147
153
241
135
206
152
194
396
431
213
383
176
224
287
157
310
274
141
261
120
215
220
349
236
147
183
324
312
273
173
146
147
140
323
138
325
221
161
175
185
132
245
160
158
175
133
145
244
156
149
208
144
141
137
217
138
259
206
213
271
136
126
221
210
158
216
146
180
263
223
326
202
924
279
503
222
153
264
141
208
250
255
132
143
144
152
243
274
152
157
148
134
232
267
243
189
188
216
153
213
255
236
138
396
324
274
281
273
594
399
283
642
208
155
148
224
146
158
221
234
158
150
252
242
356
142
137
132
221
159
151
290
294
180
200
356
319
137
157
172
156
149
138
211
198
132
213
134
190
250
372
144
148
373
270
143
142
141
226
275
196
266
153
189
187
173
145
267
229
251
137
223
176
146
188
178
199
137
144
272
221
143
154
251
357
202
260
147
182
129
228
128
140
216
193
187
230
135
169
203
143
196
174
224
171
238
234
239
281
148
138
137
181
136
240
224
139
273
228
137
149
139
240
210
210
257
249
145
137
146
134
275
179
208
210
251
263
149
148
138
142
154
251
227
250
222
217
216
143
147
195
229
157
241
146
129
143
178
142
157
218
130
233
198
215
219
194
238
148
138
264
319
220
146
153
193
281
140
142
199
256
148
252
228
266
149
229
302
246
213
151
143
199
223
186
141
146
247
263
270
140
144
151
264
280
215
132
516
229
195
194
237
194
138
240
216
187
143
281
249
176
201
236
198
262
138
175
160
258
233
141
136
204
243
179
195
188
359
154
212
230
226
266
