343
526
597
734
1017
1150
1098
1460
1468
1197
1204
1347
1307
1617
1656
2476
2546
2523
2642
2481
2453
2448
2336
2111
2274
2167
2196
2191
3171
2986
3867
3890
3804
3786
3695
3693
3509
3589
3419
3425
3551
3487
3670
3147
3216
3317
3404
3348
3056
2685
2932
2909
3183
4477
5077
5278
4750
4746
4763
4970
4726
5576
6612
6665
6566
7331
7367
7010
7189
6962
7314
7170
7818
7604
7729
7654
7590
7749
8205
8080
8291
8591
8110
7908
8002
7851
9151
9207
9297
9349
9056
9066
9040
8950
9002
8922
9131
9289
9309
9523
9556
9836
9973
10313
10315
10466
10977
10882
10834
11035
10993
10886
11363
11320
11273
11107
11167
11517
13124
13892
13667
13776
13751
13785
13405
13470
13560
13420
13382
13522
14227
14287
14345
15135
15183
15416
15434
15484
17199
17395
17344
17538
18355
17895
18174
19084
19049
19103
18617
18404
18399
18426
19314
19502
19121
19130
19142
19001
19010
19015
19257
19367
19208
19238
19306
19398
20425
20554
20578
20137
20178
19878
19951
20103
20060
20113
19849
20694
20799
20805
20819
20710
20699
20229
20242
20519
20746
21228
21029
20968
22689
22792
22887
22921
22374
22486
22543
22650
22743
23167
23088
23119
23160
22982
23060
22668
22684
22833
22644
22616
22642
22568
23210
24257
24347
24352
24381
24191
24341
24656
24790
25755
25832
26515
26563
26626
25885
25949
26356
26451
26517
25904
25941
25805
25643
26338
26415
26313
26472
26824
26857
27132
27221
27335
27157
27818
27397
28369
28410
28421
28368
28314
29084
30154
31552
31642
31712
31409
31490
31545
31379
31080
31144
31147
31165
31167
31323
31084
31023
31129
31027
31202
31298
31093
30899
30853
30949
30849
30935
30788
30692
30785
30539
30725
30715
30667
30667
30632
30525
30651
30596
30710
30700
30700
30573
30512
30456
30294
30349
30238
30245
30228
30160
30148
30143
29985
30032
30072
29948
29888
29927
29950
29937
29921
29947
29969
29946
29926
29940
30024
30067
29937
30064
29884
30027
29966
29902
29895
29779
29972
29968
29806
29775
29597
29428
29807
29709
29417
29308
29503
29773
29761
29653
30030
30356
30390
30646
30196
30303
30249
30248
30341
30513
30446
30619
30646
30394
30384
30326
30416
30399
30248
30206
30247
30086
30089
30189
30185
30280
30252
30160
30314
30161
30139
30114
30061
29965
29916
29995
29953
30024
29930
29911
29914
29892
29974
29965
29952
30009
30087
30232
30349
30443
30185
30281
30289
30320
30225
30154
30017
30076
30079
30128
30145
30152
30045
30129
30081
30104
30020
30107
30023
30135
30059
30014
30010
29999
29972
29937
29915
29845
29905
29916
29828
29913
29670
29649
29603
29638
29470
29742
29636
29524
29534
29559
29514
29591
29473
29400
29459
29574
29515
29566
29627
29657
29686
29785
29634
29707
29663
29621
29667
29560
29569
29704
29636
29538
29203
29537
29303
29321
29318
29281
29249
29328
29414
29363
29400
29342
29269
29266
29358
29255
29356
29188
29139
29166
28935
29010
29039
28882
28967
28812
28947
29017
28821
28803
28804
28783
28816
28854
28786
28862
28973
29113
29229
29217
28974
29101
28884
29038
29058
29146
28987
28939
28917
29100
28893
29274
29409
29314
29252
29268
29267
29262
29053
29141
28994
28986
28883
28995
28985
28965
28812
28937
28943
28940
28960
28875
28959
28912
28930
28816
28891
28884
28853
28986
29148
29204
29245
29310
29046
29055
29075
29069
28955
28954
28980
29001
29045
28972
28984
28876
28770
28882
28916
28670
28854
28577
28663
28690
28635
28590
28596
28372
28521
28527
28363
28312
28299
28176
28233
28165
28177
28169
28286
28372
28281
28365
28350
28334
28327
28356
28347
28322
28083
27843
28059
27809
27846
27963
28068
28242
28258
28280
28440
28243
28151
28237
28162
28158
28270
28301
28311
28322
28289
28261
28248
28131
28259
28363
28294
28277
28290
28404
28381
28381
28257
28349
28499
28290
28286
28394
28427
28459
28584
28634
28652
28712
28504
28460
28418
28384
28386
28298
28233
28221
28066
28006
28018
28000
28034
28092
28061
27974
27983
27983
27951
27883
27776
27962
27894
27875
27884
27886
27912
27906
27920
27949
27713
27623
27840
27831
27815
27861
27763
27824
27743
27773
27706
27587
27875
27942
28056
27668
27546
27529
27409
27292
27589
27348
27322
27272
27302
27335
27162
27231
27350
27478
27676
27199
27264
27333
27305
27217
26903
27015
26865
27009
26730
26792
27000
27031
27046
26742
26684
26646
26629
26753
26655
26409
26570
26649
26681
26598
26846
26853
26955
26992
26496
26515
26495
26456
26365
25964
26177
25980
25968
25924
25814
25674
25718
25772
25972
25857
25905
25936
25989
26069
26115
26176
25969
26145
26150
26406
26541
26667
26671
26410
26310
26249
26103
26155
26009
26078
25939
25930
25859
25954
25944
26056
26096
26166
26202
26031
26007
25992
26010
26009
26018
26018
25957
25805
25775
25778
25620
25595
25874
25880
26002
25829
25787
25720
25702
25688
25701
25772
25803
25604
25640
25681
25698
25618
25816
25857
26160
25975
25724
25711
25607
25771
25675
25602
25729
25560
25368
25392
25544
25595
25622
25718
25967
25675
25714
25530
25542
25714
25489
25365
25316
25331
25492
25340
25321
25080
25133
25325
25153
25102
25194
25157
25323
25210
25225
25091
25266
25361
25575
25644
25067
25201
24977
25049
24958
25086
24997
24828
24774
24396
24485
24751
24222
24184
23966
24104
24133
23981
24000
24059
24061
23888
24012
23902
23871
23678
23900
23603
23767
23659
23623
23523
23576
23861
23116
23462
23507
23836
23971
23122
23207
23245
23440
23537
23125
22988
23267
23575
23662
23539
23769
23743
23747
23769
23629
24496
24186
24378
24236
24220
24797
24811
24874
25035
25046
24827
24869
24702
25234
25342
25353
25188
25193
25122
24813
25088
25370
25244
26201
28321
29532
28660
28761
28888
29275
28222
28383
28770
28813
28885
28134
27974
28073
27969
27890
28126
27918
27865
27966
28021
28161
28203
28009
27646
27413
27136
27299
27464
27787
27650
27913
28252
28567
27650
27680
27605
27580
27953
27502
28196
28280
29737
29949
30003
30336
30501
29487
29806
29108
28704
29717
30588
29531
29819
29755
29892
29320
28974
29176
28901
25962
27419
28252
25905
25844
23032
23333
24289
25431
25647
23193
24180
24401
21778
20788
21333
21512
21550
22049
15008
20473
