210
136
145
238
216
201
224
171
135
132
127
126
125
290
414
421
434
218
120
218
119
233
193
131
171
177
242
135
127
128
132
127
149
131
120
142
164
170
120
145
120
189
235
132
245
548
126
126
238
123
165
137
115
185
127
216
131
143
122
126
128
142
153
213
219
123
115
127
123
139
1336
152
288
409
280
288
324
228
184
206
239
187
125
128
952
1254
436
843
785
144
376
305
357
203
225
127
124
182
127
252
254
126
126
133
121
131
121
180
131
125
225
246
206
196
206
178
133
191
117
212
246
116
212
204
227
216
303
130
131
130
179
338
187
197
166
213
239
147
189
198
249
175
127
137
182
131
306
250
291
127
282
317
334
227
166
206
130
169
391
398
265
128
130
208
125
272
124
118
129
122
642
129
234
205
125
293
251
190
236
129
240
131
126
127
246
220
127
190
174
144
180
153
130
153
216
282
212
186
133
122
340
286
263
189
203
129
122
231
429
605
454
218
243
194
129
217
164
122
256
122
128
127
232
127
249
295
228
249
136
170
133
241
127
128
126
202
128
452
210
182
132
131
143
218
128
200
169
162
238
281
126
133
140
228
123
224
255
240
127
128
174
219
124
365
407
221
208
174
210
128
227
121
254
165
126
177
136
223
256
214
128
260
242
128
161
252
254
281
122
189
130
239
134
123
174
117
191
124
136
201
168
258
282
204
167
240
152
175
213
178
198
181
162
133
132
176
190
183
157
151
260
259
117
120
232
171
211
133
175
165
162
262
128
124
354
127
127
137
124
305
166
255
307
233
178
126
185
193
189
216
227
227
195
122
124
147
133
158
204
254
135
120
127
222
164
127
257
188
179
133
174
178
200
177
124
123
134
185
209
240
171
174
387
325
238
210
128
144
212
125
218
178
200
125
249
168
679
633
320
239
167
127
127
228
173
131
126
124
210
240
210
173
395
333
273
135
177
352
408
126
222
240
178
165
130
176
127
208
126
123
184
117
244
127
138
182
163
140
163
145
185
198
238
141
112
130
266
222
139
250
124
246
128
138
166
165
228
248
222
209
118
128
196
145
503
327
290
159
209
154
147
130
230
123
126
167
132
126
168
125
154
123
217
137
128
212
204
212
124
130
230
247
159
134
144
131
138
226
401
116
127
127
134
123
224
142
319
227
129
118
124
247
129
199
127
259
234
123
137
129
179
202
210
265
287
240
288
368
313
390
127
236
126
173
219
130
122
132
125
233
266
122
193
168
253
263
124
122
203
123
185
129
186
121
129
186
230
211
133
139
136
215
237
204
121
174
167
124
137
153
130
133
117
217
168
238
176
126
306
391
173
259
195
145
116
207
180
194
434
173
603
352
129
179
223
196
127
125
128
170
127
188
189
233
267
139
145
151
123
252
124
203
221
442
1404
1151
261
167
132
243
124
208
171
124
170
125
212
136
236
160
316
199
214
188
209
144
163
177
167
125
176
183
218
128
233
417
266
168
259
222
181
175
250
253
182
210
208
117
126
116
128
181
130
122
266
142
206
262
292
128
133
219
262
175
120
127
185
187
226
258
232
122
228
240
187
125
166
133
127
120
135
133
143
222
187
185
122
187
126
131
135
122
119
127
172
120
132
124
189
178
232
120
214
121
121
192
136
133
126
121
221
211
237
126
197
194
254
263
143
123
126
146
173
130
208
214
126
124
187
126
183
186
123
245
238
123
120
191
125
131
127
165
195
129
127
190
126
196
129
121
127
126
132
172
123
126
201
181
225
131
135
226
139
186
259
211
121
179
209
129
177
279
310
177
226
126
125
129
182
244
208
194
234
260
124
240
230
124
194
127
130
240
199
223
120
134
134
130
130
125
224
192
169
258
185
211
128
305
261
126
188
234
177
254
424
233
138
225
256
220
131
127
238
192
255
172
212
212
123
263
196
215
187
166
126
178
262
131
173
195
177
133
140
157
293
277
210
170
196
244
189
181
123
178
240
131
270
288
180
206
126
226
255
131
116
263
266
260
191
134
503
199
194
125
207
126
172
115
123
724
131
122
205
123
123
261
188
405
196
228
233
251
232
125
179
143
198
124
237
187
126
205
248
131
124
130
245
161
188
267
128
237
179
234
126
245
259
259
203
227
339
488
374
366
130
122
254
128
182
193
232
128
228
123
183
250
222
239
257
271
229
259
188
207
208
176
137
225
171
204
229
132
262
163
234
199
252
552
236
216
179
127
240
265
196
128
244
144
458
248
303
245
172
178
139
157
215
242
215
213
171
129
131
183
179
241
218
226
252
118
