230
146
169
164
140
129
128
117
117
140
178
210
213
129
154
187
181
137
141
133
126
147
171
131
131
245
126
138
134
153
120
128
119
151
173
169
110
117
113
109
134
123
113
118
154
109
149
115
127
218
341
337
134
125
198
126
118
121
141
126
121
228
257
154
157
120
218
125
116
124
152
152
130
133
161
129
143
124
156
193
167
164
148
138
137
153
162
167
143
127
127
129
202
200
136
212
201
135
181
124
132
137
178
128
126
121
132
123
208
204
186
223
129
123
131
138
157
142
179
126
124
131
124
124
127
120
135
169
221
119
120
129
125
120
109
120
123
133
161
126
123
115
141
110
103
107
112
114
127
120
117
245
127
123
133
123
119
161
222
206
199
146
147
157
167
128
125
139
166
130
239
130
119
219
128
136
168
122
130
132
126
130
247
201
121
148
111
166
124
126
130
185
198
128
142
162
182
162
159
168
149
263
129
128
122
251
126
134
127
123
129
130
130
162
130
127
126
120
125
128
251
152
191
225
127
122
257
220
129
127
135
126
265
240
141
213
206
160
124
133
128
128
141
126
120
258
263
117
123
216
127
126
131
122
134
162
129
117
188
225
128
125
231
125
127
125
213
244
158
129
129
128
128
261
167
171
131
140
131
122
131
130
134
141
211
138
150
192
188
180
129
127
226
194
128
178
170
146
172
237
208
126
122
236
137
209
132
132
129
128
130
133
130
128
127
362
184
128
182
231
180
126
126
127
148
192
168
144
183
125
163
203
128
275
126
124
127
252
178
198
265
181
258
132
125
128
128
124
118
135
222
124
177
119
134
126
256
173
136
160
186
126
211
125
238
262
123
127
131
123
124
127
126
154
245
126
122
123
127
134
159
129
124
141
151
160
202
198
153
129
123
124
123
127
124
232
200
276
205
150
181
138
126
313
167
230
290
366
159
150
324
173
168
236
213
267
228
244
223
151
124
211
213
127
125
124
132
127
123
128
177
270
291
124
122
122
119
175
125
129
123
130
128
126
126
131
124
126
187
184
125
124
130
198
128
131
260
301
175
187
126
127
125
180
191
128
130
124
137
149
135
132
304
291
332
131
130
129
129
124
124
124
118
126
135
142
184
184
204
207
236
200
169
137
146
135
140
136
126
128
239
125
129
123
134
119
144
150
160
154
135
131
127
120
178
125
238
268
130
129
131
126
130
129
196
195
126
140
178
166
128
128
151
246
160
197
139
150
153
128
138
132
121
126
128
127
130
129
131
132
171
231
245
150
196
176
127
132
143
124
177
130
138
175
139
134
168
219
243
128
125
137
180
121
185
198
249
133
155
261
279
260
122
129
223
242
322
199
126
125
135
163
127
121
182
127
126
127
128
251
129
127
187
144
166
179
160
246
198
129
131
258
129
150
129
123
302
248
182
131
127
237
132
132
125
132
128
130
131
251
127
124
127
195
130
126
265
247
132
133
168
129
196
217
241
135
170
128
273
287
166
130
129
120
120
131
124
128
124
193
128
239
130
123
136
158
127
123
198
130
250
170
132
189
134
136
126
125
207
224
124
132
131
207
126
122
128
194
199
123
135
157
128
129
126
215
248
210
126
123
268
312
126
128
119
219
240
130
129
129
168
181
138
151
146
169
126
200
194
137
182
125
127
133
130
224
120
208
250
128
133
137
199
255
126
254
132
127
118
151
185
152
127
223
128
124
128
125
221
228
139
170
133
126
127
124
142
157
142
255
157
151
233
125
132
130
242
127
235
123
125
122
193
184
211
251
158
131
173
128
132
179
137
427
392
420
219
195
215
183
127
127
129
268
315
131
126
126
204
125
131
130
136
169
271
129
122
122
129
127
125
128
211
128
200
402
206
138
160
127
125
219
128
128
129
267
134
136
141
126
127
140
185
216
133
148
234
193
133
127
128
224
125
235
171
119
126
125
129
131
124
127
132
217
208
149
128
119
125
135
144
171
129
173
134
124
140
151
182
128
127
269
205
130
135
140
127
201
120
126
225
123
241
216
159
242
134
155
132
127
128
125
196
252
127
131
190
128
167
152
254
194
155
222
249
130
192
129
124
250
288
327
234
160
131
132
125
205
216
126
132
377
376
222
169
137
152
126
130
124
126
200
209
127
129
231
214
129
166
191
134
130
150
184
129
253
122
225
229
125
127
211
178
128
218
214
197
197
143
190
125
215
220
219
128
253
163
122
251
228
128
126
222
193
129
224
169
202
125
118
124
161
205
176
196
258
195
185
133
151
177
256
132
213
128
250
160
246
245
174
