693
546
554
337
329
345
309
426
290
397
344
306
323
385
295
303
290
344
305
289
348
546
606
436
322
347
291
298
282
368
432
584
614
714
610
818
840
1054
1068
997
842
1058
921
1006
903
482
469
522
543
638
507
310
307
406
307
311
354
356
478
307
317
303
289
420
422
319
315
327
309
283
287
312
484
492
284
313
315
409
454
500
421
301
329
358
310
300
485
305
300
486
307
318
323
376
318
319
304
319
316
359
507
428
291
652
306
358
537
296
451
496
683
319
298
290
442
423
561
590
748
576
650
527
740
684
678
702
838
800
907
890
808
852
665
654
848
771
867
861
771
811
1018
823
888
711
468
508
408
293
482
323
537
306
292
400
382
352
315
328
373
293
307
310
352
345
412
381
375
312
315
293
376
463
579
584
576
321
384
344
307
286
299
293
301
337
394
414
336
299
289
310
397
398
288
315
315
400
294
337
290
310
306
307
382
306
320
310
309
356
307
350
508
532
679
779
963
892
992
747
974
913
1132
413
316
373
288
440
310
398
315
443
405
591
542
719
694
767
876
952
1055
1194
1176
933
386
438
357
303
298
453
383
454
408
296
301
309
483
299
347
396
423
587
630
789
742
515
531
720
689
920
726
673
300
289
297
318
333
322
433
471
317
291
337
541
515
334
474
493
602
314
315
379
307
290
301
293
461
310
298
304
293
457
398
323
382
284
353
437
310
291
403
295
295
305
305
425
431
363
452
316
295
408
470
292
380
287
378
295
309
346
341
504
413
421
298
503
371
301
343
454
312
293
398
380
307
315
567
567
791
302
528
510
466
627
307
308
354
487
500
381
543
381
614
303
307
492
355
310
347
406
443
402
433
355
314
344
339
412
679
553
553
531
644
302
290
360
524
399
313
316
382
327
426
427
1088
941
752
754
300
322
293
345
452
594
990
767
319
348
306
404
437
622
604
463
293
435
291
310
290
301
291
292
297
308
292
446
302
292
290
301
496
427
548
388
590
296
424
455
455
432
553
548
582
645
620
598
345
377
303
314
480
428
511
296
293
377
366
389
309
285
308
292
346
354
347
323
297
287
503
490
678
689
854
878
923
902
995
988
1248
1031
1219
1223
845
730
877
431
661
676
631
335
493
541
396
332
465
307
380
296
308
309
334
311
312
411
294
423
371
312
286
319
295
299
298
431
403
291
293
320
322
314
314
578
309
494
514
294
306
288
354
410
591
314
450
342
298
340
298
295
399
347
485
337
310
301
380
332
317
321
307
304
357
577
305
304
449
404
504
532
740
551
537
303
424
437
293
372
363
517
587
740
821
512
554
583
482
304
301
421
443
320
437
471
662
728
741
754
657
539
393
333
419
477
333
382
378
311
301
417
543
519
298
718
328
307
311
312
295
393
304
325
481
526
474
304
291
351
307
299
327
436
325
423
313
466
293
309
304
303
316
430
398
624
489
526
431
300
289
328
318
319
297
308
307
298
344
306
319
383
444
445
311
297
397
314
450
329
389
290
470
514
737
317
363
378
358
295
394
284
351
368
487
299
287
453
404
640
337
534
454
488
421
453
297
308
371
337
364
293
304
309
536
483
664
626
512
338
480
297
375
484
297
291
324
305
292
482
353
288
313
301
286
517
295
294
306
298
379
523
495
313
286
301
436
320
433
478
490
512
314
318
315
328
502
290
298
292
378
289
291
300
294
436
392
530
490
550
370
426
385
325
297
291
427
441
315
382
425
630
456
344
305
289
291
536
315
394
422
489
291
421
303
307
298
308
318
304
286
495
318
513
511
450
410
460
445
614
342
293
423
314
300
304
300
365
300
402
400
314
320
310
290
479
288
349
363
305
367
478
407
289
444
332
312
346
345
315
377
332
302
333
363
517
363
497
428
305
312
315
304
352
293
305
331
291
379
312
334
306
421
285
331
663
616
608
527
303
446
482
440
303
319
312
452
795
314
316
313
351
317
415
305
410
372
290
290
316
309
307
354
578
295
367
413
393
312
368
311
357
351
301
315
456
418
308
305
306
306
348
316
304
360
303
302
292
299
300
398
290
306
419
503
363
303
291
366
364
398
334
311
293
313
374
292
363
404
441
308
344
319
297
348
315
313
310
309
309
350
314
313
318
411
291
464
306
308
291
287
301
293
368
315
301
315
316
440
422
327
310
323
399
442
301
360
412
349
375
523
294
304
399
474
438
564
434
344
408
314
304
312
309
375
442
294
336
319
377
325
406
357
301
415
374
291
428
388
480
345
443
426
360
316
398
290
366
358
290
344
402
383
429
434
408
