415
310
359
337
312
287
292
291
310
436
471
306
287
304
303
313
312
308
307
323
320
290
297
365
327
324
319
288
292
298
310
298
314
360
285
295
366
287
320
364
303
299
326
312
332
412
287
319
348
321
337
312
294
285
322
435
305
289
286
378
342
313
311
359
377
343
306
320
319
314
305
291
292
332
364
306
302
353
340
317
316
359
312
359
293
305
306
299
296
286
308
367
341
312
350
310
468
430
513
376
345
320
305
328
317
316
318
293
311
330
309
309
318
309
312
287
311
307
330
363
290
309
354
384
357
299
297
294
298
342
359
288
289
434
309
314
388
308
308
289
422
284
296
293
324
336
325
346
432
350
362
288
291
317
294
291
301
304
316
392
288
317
387
436
308
301
306
295
314
413
367
289
310
368
328
344
389
321
322
336
315
320
312
301
288
434
307
349
322
300
291
302
306
312
345
296
380
329
309
314
375
354
306
331
328
318
340
322
291
302
322
320
427
387
340
340
299
289
292
295
302
315
292
322
420
365
305
346
307
293
307
297
312
361
348
304
363
335
314
305
293
285
293
308
315
318
327
298
317
309
292
289
459
374
432
364
319
343
305
318
319
382
392
407
305
310
297
305
304
293
410
410
311
320
289
294
301
287
294
358
318
340
463
346
319
329
300
318
306
330
337
350
327
326
312
316
346
342
298
296
308
333
304
299
405
292
329
314
287
300
288
307
332
307
296
301
291
300
302
302
292
314
313
294
427
365
366
311
338
301
300
291
334
394
565
322
322
298
288
299
299
308
325
322
523
286
307
294
335
304
298
319
303
303
301
304
303
321
320
362
345
291
288
305
337
304
302
298
296
296
310
340
293
305
341
297
313
315
340
329
304
306
401
295
296
289
311
291
290
302
293
352
315
389
420
365
443
318
316
339
375
329
297
289
293
285
328
341
373
344
352
309
289
295
294
297
288
428
332
293
318
300
305
303
299
302
346
362
370
292
320
464
397
301
326
424
351
294
300
298
310
315
307
303
296
301
295
395
374
391
311
284
304
355
318
314
377
469
423
392
397
435
403
310
319
332
314
306
302
303
298
355
305
296
296
286
290
294
314
297
298
291
320
306
366
403
292
449
327
286
305
320
305
298
294
291
306
357
296
306
375
366
397
389
364
399
294
286
298
303
312
333
298
331
316
294
298
315
293
292
296
292
325
316
318
307
298
306
301
300
356
348
319
309
301
341
335
294
297
290
359
361
307
290
295
296
334
296
291
295
400
289
317
305
301
393
395
304
328
312
327
285
301
325
301
327
303
300
296
295
291
287
284
504
430
547
420
432
407
367
301
336
366
365
318
411
454
403
486
520
498
486
482
462
483
369
291
330
342
347
313
303
305
306
303
306
321
297
310
303
297
314
302
292
339
417
390
337
363
432
372
309
293
297
294
295
290
318
315
351
341
295
289
300
315
304
308
294
291
287
292
293
299
317
352
353
344
300
296
297
291
289
390
289
317
311
308
299
310
309
306
300
317
364
331
351
315
367
294
327
295
306
353
292
298
294
307
294
355
318
314
305
324
301
294
307
344
314
289
308
312
303
313
299
289
632
616
507
523
494
310
332
314
296
291
303
395
382
289
290
299
300
306
295
294
314
334
330
365
374
289
289
311
299
302
342
352
359
389
313
316
300
291
290
366
361
298
306
294
295
317
318
309
295
306
292
294
311
392
308
303
330
395
303
292
293
296
284
302
287
324
312
304
309
292
406
392
349
299
326
309
291
299
299
302
296
296
305
299
345
318
297
294
351
362
312
300
325
316
295
288
287
293
323
308
359
293
367
307
293
384
334
376
295
444
384
430
339
317
311
292
310
363
302
289
290
419
360
304
309
296
378
317
357
364
328
306
294
287
406
309
297
297
298
361
305
289
309
384
310
306
294
299
312
326
309
318
298
301
290
320
288
305
301
293
289
390
370
288
395
286
382
292
344
293
298
291
293
321
295
304
295
300
466
380
295
295
300
301
299
302
304
389
308
299
288
294
286
381
289
291
292
329
391
289
285
292
344
460
309
314
354
308
313
294
296
300
392
319
299
383
292
326
317
357
335
302
308
313
307
290
333
304
289
430
397
415
366
309
360
559
440
453
312
314
577
321
298
290
307
424
329
290
373
323
367
424
320
386
348
440
310
320
540
416
312
345
300
293
321
322
312
351
303
427
309
369
364
358
395
320
362
364
294
286
317
296
301
302
301
828
403
361
342
358
306
344
428
305
286
371
379
435
402
325
479
437
468
440
440
