346
137
190
120
120
295
225
213
254
960
931
592
364
415
248
15
54
205
129
20
126
50
203
97
33
124
14
292
140
74
257
206
148
185
575
420
415
289
218
70
124
194
164
215
74
22
30
115
14
19
113
10
18
92
10
65
18
9
16
10
10
301
67
895
879
832
827
791
843
830
805
770
535
9
241
11
12
16
487
254
202
36
9
33
13
82
36
20
57
48
289
310
70
25
35
34
121
11
335
311
133
9
13
42
10
13
11
8
9
66
15
505
484
400
22
146
81
43
10
20
14
12
16
10
13
15
15
108
340
229
187
145
185
287
194
73
16
64
23
11
14
236
143
14
25
17
14
10
18
162
61
23
14
22
35
36
10
12
179
703
696
695
401
224
528
429
368
274
239
42
553
83
595
194
673
361
327
377
1117
639
464
19
127
16
36
15
151
61
66
23
338
100
23
16
14
19
24
10
20
42
28
14
18
17
13
15
233
193
156
77
16
25
31
186
73
80
14
173
17
10
24
19
724
480
39
25
21
124
152
48
22
14
10
10
10
19
45
26
76
268
429
99
472
435
355
387
397
302
505
121
18
260
327
264
124
76
412
218
18
265
257
18
56
195
15
31
274
341
297
437
539
228
330
192
14
149
18
224
193
195
149
10
43
11
66
330
15
21
61
60
21
212
20
91
19
12
83
48
24
27
32
185
56
61
24
188
170
57
72
18
29
27
75
203
127
92
12
111
52
98
13
11
13
46
10
12
16
24
19
25
21
119
203
10
10
66
31
22
11
15
13
10
10
11
17
25
32
124
38
34
26
122
168
26
10
34
325
141
311
54
66
12
29
17
19
20
36
32
20
22
41
591
230
232
27
130
138
32
18
97
97
21
23
31
11
171
24
113
14
15
23
26
16
15
12
351
20
85
140
13
11
140
121
93
44
21
20
15
150
173
54
23
23
24
144
76
32
11
23
291
394
255
104
12
36
85
106
303
23
492
468
137
220
148
25
20
79
20
23
14
171
97
19
19
11
17
166
17
61
11
12
13
169
224
199
205
93
183
11
23
11
141
20
18
18
10
13
15
15
26
116
17
11
16
16
26
15
209
131
78
40
143
359
239
231
304
110
311
24
48
10
226
310
151
155
149
127
124
13
23
37
292
42
32
30
23
11
211
129
93
14
26
14
103
14
17
47
132
76
14
17
18
14
75
49
13
16
109
19
36
14
14
77
179
40
42
15
16
8
13
26
10
107
11
192
26
18
12
120
39
48
14
30
18
118
91
633
529
268
590
322
386
233
329
302
173
9
21
69
17
49
19
176
119
13
76
23
12
17
29
31
18
526
187
173
91
15
402
544
169
10
67
173
17
12
15
129
26
41
15
9
13
17
259
139
10
14
20
134
76
11
11
21
29
24
13
68
23
14
15
47
411
354
121
150
240
331
194
25
9
14
19
17
23
22
20
131
147
108
18
22
15
113
14
153
144
17
31
8
13
21
14
10
29
15
16
42
96
130
25
372
378
265
25
210
662
535
668
454
803
1114
487
379
463
10
16
26
11
22
15
232
127
18
10
35
40
52
20
161
160
15
11
34
84
102
11
118
9
33
14
153
11
10
13
182
19
19
14
121
121
26
67
15
46
11
10
103
11
18
20
27
124
11
14
58
92
30
105
16
121
51
11
10
9
115
13
126
132
160
45
214
142
12
58
12
181
16
19
62
439
78
10
14
32
174
61
10
17
176
32
21
32
37
159
105
78
84
17
14
202
10
13
16
16
81
9
24
42
67
12
11
17
18
30
12
146
53
137
163
69
110
39
11
14
270
9
107
10
11
172
79
14
22
13
71
17
191
450
416
11
16
62
94
427
240
18
105
10
89
12
10
10
29
22
22
20
15
191
120
120
8
16
15
31
239
8
11
181
83
140
126
202
54
12
13
445
115
46
58
211
198
175
26
13
12
17
11
16
16
28
201
196
115
12
9
13
9
149
63
26
37
50
54
100
216
204
117
114
20
124
12
148
295
16
60
19
25
29
150
89
48
200
176
38
11
227
8
25
36
29
22
11
17
89
10
121
10
20
27
35
10
14
18
21
177
15
230
12
10
45
15
14
76
9
21
303
13
176
100
39
72
133
134
57
61
13
10
16
144
18
10
72
123
9
12
19
289
122
14
212
31
30
32
342
14
164
146
16
7
19
84
371
360
15
13
17
153
148
23
24
87
9
11
17
35
303
10
123
15
148
723
83
10
13
13
218
19
15
192
55
26
16
154
27
10
15
15
8
183
47
