542
302
361
302
383
298
379
303
335
301
390
394
402
287
392
316
288
387
308
307
291
426
325
380
455
516
572
352
287
309
292
492
339
269
361
345
461
458
301
371
334
285
359
369
434
353
374
284
325
402
395
439
299
289
288
284
281
279
266
295
288
390
369
332
343
309
335
346
303
398
286
400
426
454
344
390
292
413
556
356
296
413
403
337
380
296
427
305
398
420
454
298
307
283
299
429
274
310
292
352
417
300
353
303
312
343
285
295
336
360
377
336
418
367
419
267
293
400
404
401
419
419
370
380
419
428
285
273
311
272
280
272
270
525
1240
415
550
1223
407
332
367
364
809
384
377
368
307
349
401
317
350
10104
10099
5293
5949
9723
6698
9714
1136
1153
4719
2851
4030
363
297
359
296
362
386
280
281
361
338
273
273
306
285
287
362
406
341
320
293
438
321
305
298
270
374
268
362
375
421
407
366
342
381
363
402
487
307
277
271
415
268
476
389
376
764
548
1053
760
297
276
291
333
324
300
470
383
497
299
294
311
273
274
284
1286
754
331
361
811
632
565
487
614
660
517
399
310
295
270
526
298
288
288
274
268
428
268
336
426
356
332
304
430
294
300
313
404
293
295
400
326
314
366
267
879
382
498
683
328
336
343
289
392
362
397
290
415
298
370
301
350
431
1439
360
408
604
287
280
337
350
376
416
288
428
300
407
386
299
284
286
297
330
308
320
378
334
392
285
320
423
403
266
307
486
293
691
421
392
282
267
420
352
363
288
298
440
363
411
403
343
427
407
424
570
1862
382
781
364
352
289
383
287
434
341
273
264
408
268
377
266
266
397
403
336
350
326
424
324
423
345
382
300
374
290
401
277
405
284
298
382
283
379
346
300
364
391
373
334
832
696
578
433
288
268
291
461
291
385
359
263
363
379
340
315
1465
738
291
307
306
305
385
287
301
341
304
330
310
380
283
273
295
341
443
656
298
390
364
390
325
327
269
308
355
298
291
281
370
349
369
350
273
279
319
263
302
322
340
300
293
294
293
547
285
271
373
420
364
1347
1000
713
413
269
399
323
287
359
291
297
408
288
319
381
297
357
297
378
284
287
310
408
375
297
325
272
346
395
288
366
360
367
380
398
360
369
286
357
289
352
438
334
371
339
407
323
413
407
291
366
346
284
320
273
272
402
300
269
275
294
306
407
372
374
371
355
285
416
280
273
346
327
298
287
269
363
295
285
389
271
418
281
270
268
420
271
373
328
270
274
339
300
373
405
293
293
377
293
420
318
444
361
361
291
376
365
386
349
389
343
347
293
284
337
301
264
420
424
292
296
327
292
367
317
309
309
651
268
336
435
390
265
379
352
390
372
304
297
411
361
368
415
289
331
271
598
298
335
413
281
271
319
293
280
274
282
416
392
393
421
380
271
271
286
268
378
376
351
387
357
330
283
297
281
267
450
531
488
350
374
284
268
272
400
376
332
287
276
391
349
362
340
303
293
295
377
360
385
422
395
314
351
322
295
386
281
372
324
332
354
424
373
333
319
406
293
323
427
420
401
292
385
297
417
270
365
401
347
393
393
274
299
301
386
390
335
302
428
357
269
386
402
335
429
392
360
334
377
338
277
413
338
291
285
290
345
402
341
345
267
268
392
421
384
355
291
437
349
376
336
299
359
342
297
368
281
269
340
282
284
290
389
293
412
339
265
376
380
315
356
355
298
296
404
268
289
376
301
346
364
402
417
309
373
304
417
299
416
293
306
406
379
342
295
291
381
409
432
362
413
292
296
357
365
372
422
370
362
455
298
337
279
370
362
267
351
418
311
383
325
364
305
383
363
290
395
397
363
392
427
299
322
346
446
281
266
337
282
395
523
307
377
422
377
408
292
402
304
369
412
288
392
293
363
296
384
410
420
357
412
326
356
336
296
398
271
289
406
407
267
301
416
284
409
411
412
450
366
354
434
281
418
285
338
360
295
430
348
320
336
593
372
353
397
275
359
399
271
404
326
352
265
348
296
289
292
359
298
349
297
366
270
297
269
407
433
347
337
344
297
288
419
374
404
312
455
406
389
385
290
325
355
403
372
370
287
266
352
292
295
348
431
443
344
447
372
361
412
415
377
273
421
421
382
282
298
307
296
362
396
313
372
414
310
430
421
374
393
413
359
399
272
310
374
421
369
349
508
323
267
279
365
272
404
298
411
342
333
358
419
290
387
289
344
429
288
287
320
408
407
439
365
409
361
377
292
374
372
425
297
385
300
417
304
368
298
376
372
377
389
345
406
383
323
392
397
406
306
328
