543
470
356
422
415
485
475
330
331
298
294
291
308
308
303
317
315
300
590
504
343
558
352
392
386
357
312
300
319
303
314
320
308
309
370
297
307
295
389
514
383
324
364
385
329
298
318
312
300
310
310
306
298
295
343
382
308
306
320
301
329
431
389
391
435
319
286
320
330
319
319
349
312
297
316
305
295
295
331
292
314
453
294
294
325
318
300
306
311
298
301
304
308
332
304
352
342
458
366
381
323
297
296
307
440
295
306
300
300
328
297
410
327
340
315
299
316
321
423
320
306
361
402
372
306
330
349
306
321
310
350
316
386
314
349
304
317
382
439
396
306
306
309
295
296
312
375
305
416
302
290
295
305
296
308
296
302
330
297
319
313
306
331
315
307
320
398
401
293
302
318
300
300
307
288
325
319
315
301
305
344
422
309
314
313
300
307
298
295
306
316
377
332
350
311
311
294
327
354
378
353
332
311
354
311
338
302
301
310
313
312
347
319
357
329
396
385
316
297
309
304
295
373
324
308
307
333
308
291
317
352
299
297
294
442
316
426
297
298
300
292
295
309
316
313
297
406
301
289
299
315
301
304
334
330
362
313
298
296
303
320
298
313
301
314
305
441
388
367
312
299
309
297
294
399
333
436
531
428
305
312
301
309
514
631
293
404
312
308
334
303
308
327
400
453
383
431
298
295
308
294
313
298
306
295
315
347
296
318
297
323
296
345
293
307
310
309
296
296
315
395
387
307
319
425
292
463
456
422
325
327
301
328
295
306
320
399
296
294
323
290
292
304
296
309
300
316
298
297
438
367
342
315
338
299
371
315
307
306
323
344
364
321
320
292
313
315
350
340
353
301
311
458
426
321
340
485
362
317
358
466
362
429
303
360
292
369
397
321
343
338
304
435
305
307
318
311
312
318
313
314
312
315
303
301
327
413
297
301
307
299
344
308
297
484
589
552
412
324
309
289
414
324
329
315
366
459
377
314
321
394
298
310
307
331
319
353
343
312
337
307
339
339
320
324
611
470
466
447
503
500
362
344
440
382
296
289
309
296
419
328
292
377
360
293
312
293
312
395
383
312
298
299
294
322
361
324
335
420
418
315
363
308
293
325
317
316
314
381
301
309
303
341
415
416
306
337
303
315
314
309
352
301
306
370
293
295
314
290
313
307
316
313
311
312
320
319
351
334
293
293
312
303
311
294
310
341
309
321
330
316
364
335
293
604
571
310
300
301
304
306
310
303
320
372
353
323
373
304
325
380
297
318
293
323
329
317
341
311
309
326
311
306
308
295
322
415
295
451
460
406
304
349
370
301
309
306
307
339
363
358
363
328
322
309
302
357
291
361
302
321
336
294
305
319
296
310
334
291
320
417
303
301
296
296
296
444
333
331
313
296
306
312
310
305
305
303
319
316
356
370
310
288
365
362
449
308
352
353
364
299
296
309
304
297
306
302
292
291
315
317
334
314
323
337
330
327
371
358
394
466
421
302
333
295
433
326
414
362
425
340
293
341
436
294
296
298
383
295
313
312
302
309
319
318
312
358
287
370
308
321
293
303
296
303
311
298
317
296
312
378
330
328
307
298
299
298
303
307
320
310
295
444
341
309
306
405
436
307
452
320
313
305
305
358
308
299
325
321
375
305
315
292
415
292
299
302
381
325
349
314
350
290
309
316
444
303
338
300
296
317
306
307
305
318
302
318
318
308
303
311
305
305
296
315
318
307
360
359
327
374
347
372
365
299
302
334
320
369
413
337
305
298
297
301
319
449
347
352
380
317
337
338
298
372
305
326
443
324
323
349
309
290
310
316
359
365
322
321
353
342
311
606
557
646
366
330
348
325
310
356
298
312
314
361
394
315
313
416
301
300
298
311
326
315
314
305
291
320
330
290
311
421
343
295
301
316
330
324
313
399
316
308
293
386
388
300
311
312
298
441
295
453
436
376
440
359
401
304
364
310
437
303
293
315
328
294
314
303
319
350
317
326
363
305
310
306
302
314
364
293
295
318
365
296
307
363
393
400
307
317
296
365
309
293
316
313
368
309
312
358
313
308
293
317
429
325
393
405
314
304
352
312
396
310
310
303
299
298
384
317
303
334
347
377
290
316
338
291
306
320
381
292
431
393
369
317
292
288
359
323
319
417
428
338
296
306
292
296
302
315
305
363
447
311
321
307
309
310
306
298
342
373
302
300
305
383
314
313
333
335
405
311
293
303
371
314
396
337
316
316
374
431
434
349
313
305
313
430
355
410
346
402
386
438
377
417
469
389
343
