200
304
210
265
147
351
303
231
137
142
138
158
179
285
161
501
471
459
572
538
1041
770
559
705
471
432
408
454
556
602
252
420
387
721
477
2348
2307
2524
2874
3144
3226
3275
3387
1137
1734
2768
921
1843
2107
1889
1876
1622
1320
1268
1270
684
625
826
621
551
771
711
321
514
577
309
1091
630
313
487
340
588
307
548
1106
879
750
1339
1225
1524
1720
1162
459
437
439
336
956
929
2419
2134
1992
771
745
505
314
346
213
299
417
340
363
390
150
138
371
303
183
375
509
364
467
196
240
464
163
323
357
512
820
882
1055
1689
2092
2276
2634
2869
1124
902
1077
311
428
455
1210
999
1075
885
779
1103
540
705
962
1066
974
885
492
392
258
188
793
434
468
442
553
1459
1841
1847
1096
605
466
767
1094
1016
1014
886
482
1378
1225
1197
716
841
838
926
257
1189
1358
1642
1678
801
1083
1259
1099
336
762
551
921
479
1808
1814
1277
1049
307
159
582
509
751
687
642
911
885
563
290
498
281
596
245
220
209
308
338
169
217
584
496
400
351
134
137
207
182
178
636
726
304
471
185
479
681
613
569
856
1360
1353
923
725
542
375
308
199
607
1040
1208
1422
1466
1859
2433
2622
2897
562
138
140
141
235
167
143
147
143
138
131
243
150
137
137
132
234
158
140
149
142
142
141
147
180
155
165
146
254
163
196
313
726
559
182
751
2463
2564
1911
1860
1830
2034
2060
1621
1531
1559
1680
1535
1187
1367
1159
1051
1034
866
699
517
415
244
149
966
1046
1182
1713
611
292
1092
1100
1177
899
364
647
413
355
294
137
360
301
188
133
369
214
736
2145
2108
1876
1641
1088
821
623
817
1162
853
865
416
510
761
755
504
367
443
654
1023
1148
924
828
721
292
714
771
654
852
598
316
844
475
2097
1409
877
670
679
410
377
391
379
783
913
836
184
878
844
862
1654
1744
1756
1568
1281
1004
1348
2438
2151
1971
2855
2339
3417
3560
3575
3636
1474
1967
3035
1394
1460
1904
1425
1352
1379
1295
1927
1655
1573
1125
1170
868
462
584
370
371
842
493
482
285
266
188
226
722
784
560
318
854
556
879
1201
2017
2250
996
1323
2208
2262
2855
2926
460
849
893
936
1719
2349
2463
512
853
1707
1045
1218
263
163
179
156
156
132
330
363
1192
1753
2674
413
544
941
1125
1707
3134
3255
4137
4226
6057
9957
2729
2877
3064
3792
4781
4996
5620
6116
6598
6985
7739
8060
8167
8386
1335
1894
1739
2332
2547
2876
2661
3247
3057
4533
5965
6172
5718
5678
960
1078
2396
2514
2609
3175
3466
4483
4541
4720
4989
834
1275
1445
1825
2105
2518
2888
215
339
154
262
382
176
137
141
138
139
138
234
269
550
209
244
148
212
212
134
252
136
148
146
150
142
131
146
185
141
241
526
529
522
545
670
807
827
618
1506
1777
2748
2917
2910
3052
4201
4732
4759
5463
1164
1491
2160
2577
1143
1318
1300
1774
1581
1073
1762
1104
1971
1455
1682
2164
2205
2470
2747
2914
1292
1299
563
615
710
434
734
348
190
141
1001
1010
1016
823
815
1348
2395
2551
2832
2908
1658
1766
1444
1671
1194
1224
1371
1643
1321
1338
966
402
398
1538
1218
1253
2080
1980
1876
1613
2117
2441
2721
3279
1571
1978
2243
2043
2685
1673
1488
2867
1218
1282
1780
2884
2951
3038
3650
1132
1179
1330
2041
2161
2716
2854
1813
981
737
675
392
289
204
1675
1279
1392
1537
1402
10456
11134
11501
12008
13452
13445
13306
13546
14022
13690
14052
14082
15039
15331
16901
10838
12244
12008
12484
13190
13660
13990
14930
9327
9738
9897
10054
10290
11475
12264
13077
13678
14473
14959
15111
16463
16088
16227
9823
11466
11711
12438
12483
12953
13089
13502
14030
15005
15274
15610
10166
9986
10342
10589
10611
11477
11954
11986
12046
13631
14111
13825
14275
14273
7018
6183
6248
7821
8941
8982
9090
9373
9557
9881
11565
10705
10111
11342
12087
3010
3238
3320
3350
3879
4294
4962
5419
5446
6000
6324
6642
7041
7492
6633
3397
3468
3721
3859
2862
3641
2301
3546
4071
3473
4056
2126
1010
651
5748
3176
3291
4379
4502
5667
5847
5899
6293
6538
6501
6811
7001
7951
7838
8131
657
706
1248
1504
1302
1994
2053
2141
2301
3365
3240
3981
587
156
147
834
626
715
2088
1347
905
748
1117
788
1643
1064
797
242
244
669
862
788
902
619
1161
884
408
215
174
138
579
516
679
202
232
162
621
362
317
139
230
222
222
308
277
188
308
271
318
508
2807
2938
2739
2564
4443
4961
5341
5257
5584
6092
1004
2049
1388
2250
3352
5367
5767
5835
6339
6989
7117
2058
3243
4690
2664
1563
1211
947
1192
746
410
323
1111
846
900
754
155
485
1388
535
545
396
405
569
1311
1140
612
1134
892
834
292
169
1005
614
194
358
436
645
496
591
573
417
472
670
290
151
641
245
447
485
193
212
1916
1777
1576
1789
1326
1322
1072
932
915
1059
1030
1097
185
512
417
381
298
595
362
247
916
289
242
333
147
176
266
141
222
231
218
129
142
224
136
244
355
448
351
225
383
323
265
500
345
475
313
1055
474
249
630
187
197
652
1597
1482
884
276
525
1043
300
147
450
433
279
418
430
362
488
346
338
143
377
266
335
187
205
193
187
203
