396
122
212
122
214
400
379
315
440
677
922
174
14
21
329
15
36
88
57
196
215
22
171
777
922
877
831
656
1374
74
654
725
761
1379
2071
1955
2305
53
280
710
974
1111
1188
1168
246
133
10
14
15
10
147
32
174
18
1308
1514
1237
7462
7456
7531
7786
7942
8113
5221
5511
4142
5904
6041
6224
6759
6899
6881
6990
7392
7903
2905
2985
3073
3109
3463
3571
3946
4612
4627
5080
5467
1468
1743
2276
2420
2640
2791
3664
3827
4161
4301
4455
50
195
396
560
1231
1642
1776
2021
103
279
10
18
9
31
9
62
141
16
9
15
11
159
180
24
524
12
16
1800
1597
697
978
1743
2254
2586
2591
859
809
928
993
1186
1330
1792
1895
1204
1323
185
189
12
43
412
678
1286
112
24
78
15
2356
2852
5062
5010
4152
5312
6097
6533
6569
7012
7121
9394
10316
11616
11817
8911
9471
10079
10843
11244
11890
13142
13610
14657
14750
12485
13225
16343
18866
19019
19328
19748
20568
20835
21047
21113
16736
17061
17178
17364
18545
18699
18830
19024
19254
19877
20158
16211
16334
16355
17167
17441
17562
17801
18093
18702
18855
19130
13742
14177
14410
14510
15074
15588
16685
17037
18518
18596
18894
13473
13981
14143
14271
14922
15228
15242
15506
15831
16047
16336
10712
10757
11204
11506
12086
12281
13017
10279
13134
9918
13583
13741
9281
9466
10143
10610
11079
8686
11328
8567
11666
11787
12345
12431
7775
13230
8193
8429
9540
9853
10226
10483
11239
11330
11468
11621
11660
7185
9488
9798
10599
10669
10782
11121
12009
12391
12411
12588
8778
8875
9548
9580
10023
10248
10268
10512
10925
11058
11251
7539
8095
8938
9541
9702
9977
10250
11888
11908
13361
9889
10287
10370
10420
13552
24378
24990
25436
25529
25552
25645
21969
22142
22304
22955
23036
23773
24414
24529
24593
25176
25620
19865
21699
21718
21815
21911
22239
22484
23393
23769
24483
24797
18907
19355
20618
20758
20989
21441
21598
21648
21721
21775
23353
18116
18233
18643
18692
18995
19046
19285
20131
20541
21117
15138
15548
14702
16078
16363
16798
16916
17325
17197
17597
19525
19060
13896
13918
14151
14325
14712
15543
15561
15918
16083
16365
16775
12448
12591
12958
13327
14090
14352
14552
14875
15207
15289
15326
10291
10445
10513
11162
11527
11670
11811
12245
13272
13720
14335
7268
7524
9524
11058
11173
11581
11648
12493
14167
14446
14955
9672
9923
10036
10325
10561
11041
6887
11183
11283
11685
11945
12608
5686
6466
7030
7326
7482
8108
9387
10968
11160
11723
12216
5041
5635
6036
7406
8248
8784
9744
10999
12320
12603
12719
7336
7962
8095
9385
9815
12929
13269
13906
14119
14368
15203
8564
9246
9845
10009
10433
10641
11201
11435
12431
12530
12686
7835
8299
8822
9076
9132
9542
9675
10246
10339
10360
10420
4990
6044
5893
3810
6590
7394
7500
7598
7712
9094
9658
9766
2269
2584
3362
3412
3562
3614
3671
4193
4506
5079
8617
1149
1634
4687
5424
5736
6028
6077
6562
6837
7183
7816
338
475
1238
1603
2213
2349
2708
3320
3974
4360
257
600
1608
326
460
877
19
12
18
14
190
70
15
18
15
17
18
27
175
149
54
30
207
107
715
375
832
946
1186
1267
803
48
141
90
336
118
179
51
283
104
12
16
43
232
145
73
18
99
14
281
385
504
171
13
12
12
11
11
18
46
16
40
34
11
16
141
33
402
60
188
159
223
82
109
47
27
43
189
264
253
16
320
746
1914
123
177
425
492
526
691
731
925
1287
1352
95
13
121
13
20
13
16
220
67
178
248
40
93
14
68
11
12
17
26
95
11
13
48
52
73
126
16
11
10
16
132
141
20
15
22
17
37
204
16
48
82
21
212
216
124
249
179
189
603
782
855
1639
2156
2946
3069
5155
2205
2328
2715
4879
4896
4977
5286
5383
8899
9450
10048
5625
6772
7195
7715
7943
9301
9421
10173
10657
11030
11159
5372
5513
5868
7463
7786
8567
9117
9283
10456
11360
11837
7270
7461
7582
7664
9020
9642
9798
9880
11872
12613
8187
7538
13168
7536
6693
8886
9619
9659
10199
10569
10676
16018
16172
10957
16492
16636
10858
11013
11271
11287
11549
11906
11998
13737
14266
14642
15766
11162
11803
11879
12100
12289
12409
12695
12984
13228
13597
13854
9722
10127
10516
11192
11483
12271
12293
12805
12981
13318
13543
8724
8864
8999
9156
9374
9269
10223
10413
11178
11750
11960
6194
6590
6691
7080
7791
8310
8370
8498
8850
9511
9535
3521
3708
3934
4151
5077
5120
6077
6707
7023
1555
7084
7389
261
1253
1873
2255
2292
2740
3277
3639
4242
5905
5999
246
501
876
1414
1783
1965
2136
2901
349
603
953
1379
1459
1517
209
366
836
1205
442
49
1207
1405
182
24
273
19
17
68
21
12
21
12
19
99
19
56
46
171
126
37
268
254
354
95
132
26
46
26
139
318
870
190
25
17
21
13
132
207
184
19
35
33
185
11
32
24
13
13
34
123
23
97
187
1032
1348
1940
161
248
331
148
265
688
1219
1441
2604
2775
60
297
834
12
143
18
256
624
169
52
194
214
30
18
16
20
18
21
12
154
12
33
151
82
11
14
11
16
430
712
813
242
267
39
1092
374
162
19
15
227
175
17
13
13
47
50
14
16
71
52
26
231
181
174
25
11
94
11
507
424
101
72
36
100
129
356
704
53
388
11
20
62
17
144
150
19
12
182
11
13
368
11
44
19
43
19
70
16
62
22
920
28
163
76
110
13
437
372
0
78
75
23
219
46
