540
610
892
474
714
1221
1116
845
1079
1174
871
856
1051
1065
801
1029
812
465
556
317
92
33
534
262
123
60
305
144
297
198
196
844
457
754
390
323
383
174
8
412
413
525
478
235
143
600
496
364
374
96
628
305
676
618
844
325
222
336
56
1144
1104
862
903
944
730
732
630
437
7
195
229
198
442
363
102
479
492
82
8
8
924
615
541
520
139
315
348
233
104
136
40
8
8
8
8
115
48
8
8
7
76
8
9
8
9
9
8
7
144
94
86
9
91
11
8
8
8
126
8
72
8
165
8
594
8
266
318
9
206
229
150
523
433
326
8
477
506
471
145
75
388
8
310
477
404
281
736
552
239
204
505
168
315
323
182
303
120
180
119
202
794
670
583
278
161
49
202
507
422
398
182
132
59
375
424
289
8
192
149
604
388
385
829
602
593
838
761
673
472
683
358
391
533
365
287
77
61
61
89
323
510
520
505
8
769
720
400
342
242
741
686
676
518
323
364
578
335
196
381
475
288
415
9
8
706
704
122
356
325
216
157
87
98
22
66
130
544
698
548
282
238
327
255
248
149
665
213
9
820
134
304
704
396
8
140
247
266
235
244
172
162
56
418
369
254
345
587
367
355
323
371
86
53
7
171
131
218
294
186
8
13
344
388
309
211
227
157
63
59
473
361
267
8
317
359
312
92
74
80
759
550
543
414
192
310
172
215
220
156
159
710
763
17
92
318
78
724
118
404
723
436
273
88
366
226
54
351
136
129
171
116
129
108
295
290
134
421
525
601
430
145
114
144
111
8
662
827
694
667
305
302
67
188
548
193
152
51
8
341
69
7
77
8
8
11
8
51
8
9
101
8
7
70
8
8
8
127
50
8
7
8
7
8
8
8
8
49
8
117
121
8
104
47
7
215
361
438
451
255
111
77
51
162
853
420
338
281
322
10
211
541
508
320
8
675
646
49
371
732
531
491
179
326
420
16
468
12
257
65
52
622
631
392
246
177
402
56
335
280
207
532
427
232
321
70
658
577
548
212
164
373
613
554
553
397
335
128
294
640
711
703
156
179
143
168
265
8
249
696
163
659
454
210
332
559
445
549
330
391
397
512
104
124
753
383
331
185
42
408
75
887
871
848
1263
918
663
428
420
721
302
338
85
291
174
17
257
521
438
60
300
241
128
195
72
163
516
286
239
289
35
80
142
140
265
264
187
430
175
100
69
8
8
762
449
757
748
642
637
430
287
108
728
355
253
40
8
284
210
105
88
89
83
296
116
467
201
99
188
231
320
605
529
94
41
199
664
548
586
282
141
20
374
389
400
396
319
902
620
562
405
309
9
8
82
288
463
185
30
394
124
496
473
186
284
420
41
25
312
21
221
635
566
8
772
765
347
34
297
116
212
256
84
618
472
58
43
58
8
86
140
108
8
112
8
109
7
67
8
7
10
8
8
90
81
9
8
6
6
8
9
240
129
174
686
238
60
23
62
273
439
7
6
10
763
612
494
334
411
278
61
347
214
499
334
48
79
20
512
83
682
741
689
560
479
43
253
368
46
246
491
333
299
558
169
8
538
369
599
322
289
30
610
564
465
272
80
114
7
341
653
619
363
137
176
221
65
154
310
641
632
406
518
272
362
495
1121
996
73
64
169
134
378
56
381
343
100
119
170
105
37
53
176
137
100
103
335
654
264
249
169
163
253
481
206
7
375
244
361
218
327
441
421
179
149
185
8
236
296
259
296
737
592
440
230
149
344
348
343
329
174
39
7
22
315
9
357
326
426
388
338
333
57
210
291
257
352
359
270
224
246
215
166
377
310
642
1188
904
946
887
902
880
612
310
7
370
200
271
142
7
7
8
401
564
499
344
378
625
1390
1275
416
373
134
74
48
473
50
273
200
132
401
156
774
584
370
199
368
135
73
805
696
551
611
415
351
8
234
706
513
468
6
137
8
9
8
8
8
123
53
116
99
8
87
19
7
60
18
8
139
108
238
129
235
350
298
257
198
413
299
344
998
1308
1021
839
1132
752
376
72
717
487
159
109
174
16
335
182
213
150
86
178
244
269
381
312
337
735
307
115
22
152
351
200
373
336
318
130
384
40
32
97
70
354
684
655
356
335
303
136
686
30
576
552
220
190
137
252
8
139
273
286
581
84
804
768
265
387
685
161
335
377
208
58
710
516
659
47
123
96
348
340
243
1040
1047
251
457
382
121
248
509
276
349
189
73
13
630
475
396
1038
77
110
48
11
341
349
255
632
13
198
676
128
134
335
128
240
444
184
792
432
286
198
141
