176
389
374
258
470
510
588
630
258
695
738
718
591
441
112
30
8
9
17
44
189
62
10
9
154
10
8
8
8
719
319
609
264
165
102
401
437
415
420
310
46
16
879
284
223
504
749
454
405
59
10
8
477
70
138
10
569
242
206
227
564
338
167
393
428
228
33
318
284
247
221
378
487
389
32
31
11
24
232
114
230
201
592
517
504
7
137
100
8
8
84
86
88
37
31
73
76
8
9
65
8
10
8
82
11
94
8
8
7
131
464
454
368
178
306
294
275
8
90
944
852
711
597
546
289
7
196
662
674
174
235
1506
1230
828
730
356
474
501
850
2199
1972
2155
2115
523
1549
199
146
175
358
632
594
155
148
214
187
585
573
407
487
250
378
248
111
595
675
646
183
231
506
446
329
191
77
9
44
62
57
113
168
411
327
134
702
569
400
776
430
407
395
65
108
114
177
139
53
116
167
143
92
309
198
376
285
275
259
132
123
43
205
170
486
94
51
216
143
71
337
230
226
291
9
209
543
602
248
63
194
35
19
171
169
63
351
699
477
350
413
127
227
187
181
179
112
45
329
303
229
181
150
329
363
360
340
264
362
194
153
36
505
478
466
8
8
51
59
335
623
494
610
167
319
263
300
41
44
8
175
7
227
387
375
279
345
242
217
278
317
308
885
609
479
1298
1225
544
813
468
353
53
923
760
730
709
223
57
429
210
80
323
499
354
325
157
125
44
534
121
125
134
242
510
69
100
62
513
34
514
450
246
132
309
362
315
386
309
460
297
98
105
7
8
7
86
43
8
53
8
132
8
7
10
8
13
7
10
8
10
8
8
8
8
8
7
8
9
8
78
7
7
7
8
9
248
104
212
372
516
398
246
121
326
728
692
607
418
180
154
162
153
170
450
156
88
302
795
659
605
469
587
333
59
308
7
86
122
9
15
781
459
404
252
86
199
528
340
105
61
304
193
8
290
208
162
88
193
232
320
421
406
828
69
217
612
557
533
332
297
296
292
310
350
309
91
45
84
141
174
16
178
676
497
164
478
394
213
321
203
698
676
400
390
168
196
373
415
384
329
320
79
711
471
278
183
221
153
341
87
213
93
141
145
13
49
166
7
287
347
176
342
113
425
417
269
277
231
236
45
90
50
486
445
73
271
332
611
495
368
440
146
36
444
384
305
74
345
304
242
269
357
115
51
8
6
7
41
57
419
265
264
8
257
131
226
640
294
228
448
429
110
134
230
187
245
394
396
389
327
619
620
506
294
434
598
203
241
158
331
101
269
82
14
7
426
395
19
147
696
540
326
257
585
736
623
247
138
45
142
176
48
146
29
124
607
562
354
114
662
49
307
430
400
407
208
179
93
277
27
8
131
54
113
47
7
7
123
7
109
111
133
135
60
15
66
56
8
10
42
7
8
295
8
124
7
7
100
8
8
140
79
8
491
504
389
56
257
8
930
832
486
433
889
59
34
56
308
518
636
455
263
425
5
10
6
20
84
133
78
62
8
7
146
6
6
65
7
6
101
29
5
43
7
29
7
7
7
6
123
129
46
6
7
131
7
85
19
6
6
6
92
43
85
62
58
6
6
8
103
7
6
7
88
6
106
61
6
93
34
8
5
8
5
5
118
6
123
125
50
54
118
71
4
75
112
117
115
6
64
7
42
7
7
156
90
79
45
103
281
260
274
301
825
746
733
617
36
201
219
176
182
8
173
58
394
330
303
229
407
141
20
321
266
39
8
34
564
481
348
207
590
302
141
252
426
677
540
202
416
198
30
247
320
13
269
189
327
87
71
405
589
339
315
143
216
384
19
57
425
365
100
54
55
262
737
707
624
616
459
321
196
129
59
510
84
631
319
351
147
60
8
345
26
453
8
841
562
412
244
57
314
47
113
295
68
149
140
119
475
251
273
557
8
8
288
120
329
509
97
418
474
308
654
290
438
438
221
306
254
268
638
425
289
272
83
466
47
372
266
125
519
589
580
275
143
320
548
428
172
187
142
9
7
451
468
466
119
99
51
59
8
211
232
357
128
61
74
97
423
8
294
113
221
370
241
30
7
110
105
152
732
735
37
642
291
9
33
51
52
108
117
7
8
6
65
6
240
7
294
74
299
139
128
316
213
213
499
329
244
167
391
283
232
278
236
193
651
502
217
14
108
404
480
365
124
498
8
488
345
192
166
121
361
164
275
255
208
417
1008
702
367
450
439
408
43
462
77
534
266
654
344
239
258
188
47
62
30
535
536
7
436
381
296
225
254
841
445
157
186
1138
192
445
16
