283
301
260
253
153
341
174
242
196
147
171
230
210
233
125
265
312
134
180
133
165
144
124
117
124
127
117
118
144
122
127
190
129
169
248
225
126
124
151
140
141
136
137
127
141
150
279
295
268
205
259
127
140
254
166
123
129
144
163
126
133
151
196
128
137
131
120
124
197
148
214
126
201
260
307
123
143
244
129
127
121
135
137
130
128
123
125
120
239
135
128
180
132
138
168
167
189
129
124
124
120
242
128
130
206
127
135
138
168
233
219
123
127
138
123
126
127
252
224
129
250
242
288
330
131
125
134
275
252
134
129
121
125
135
178
217
166
119
204
121
213
168
128
130
126
190
137
166
175
211
255
127
175
127
126
127
129
173
128
130
215
213
152
129
116
124
237
129
133
127
177
116
127
162
150
226
129
130
129
132
131
132
126
160
364
372
339
289
126
126
135
146
167
219
161
129
119
122
128
124
118
125
215
135
123
133
147
129
119
189
122
145
137
132
237
126
126
130
133
164
130
124
120
127
125
127
126
173
126
126
129
198
125
256
126
128
136
133
219
181
149
156
132
133
196
130
218
217
139
131
122
224
121
127
125
257
253
322
231
246
118
137
138
128
120
119
126
122
131
206
129
119
132
125
256
214
129
204
141
208
238
131
135
158
150
130
124
130
126
133
132
129
197
126
128
139
126
126
130
162
127
201
185
215
133
137
128
126
125
141
174
197
128
132
125
136
179
125
127
187
166
124
126
131
211
160
134
153
135
176
184
129
164
124
130
139
148
138
147
174
181
238
206
233
159
231
134
140
204
212
212
129
125
209
194
165
127
194
130
126
124
268
266
229
165
157
124
129
214
235
275
128
179
133
131
130
124
134
129
142
127
122
128
135
178
260
129
147
119
127
137
159
209
126
262
252
130
178
118
244
232
200
132
180
263
294
147
122
127
130
128
123
131
125
135
159
134
130
123
128
139
123
125
127
176
252
265
227
226
169
229
196
128
131
163
135
172
127
136
131
125
125
126
135
160
126
122
188
207
151
124
125
123
128
129
128
131
120
133
145
257
207
126
125
126
168
126
166
184
148
272
290
129
131
127
267
293
422
129
181
166
120
123
136
152
138
174
197
124
129
159
124
122
164
130
122
192
126
129
232
129
118
118
117
127
124
135
124
133
175
130
130
219
132
134
147
123
137
172
134
127
127
125
143
217
121
203
190
126
132
133
150
202
180
236
144
132
133
196
122
127
125
134
152
149
137
159
130
134
160
129
213
203
127
137
136
124
165
132
139
132
127
134
181
130
193
186
129
121
134
146
127
255
129
128
127
125
127
248
115
129
127
119
179
130
234
211
258
201
287
150
138
126
123
235
126
127
128
124
126
133
122
123
130
126
257
212
268
246
289
242
166
129
136
180
129
128
127
134
155
170
198
245
165
126
135
159
126
129
122
125
128
125
136
254
286
297
174
194
148
218
215
188
116
120
266
125
259
132
128
125
132
130
171
133
169
254
124
248
278
249
235
300
155
208
127
255
122
237
131
133
127
133
131
122
124
196
546
467
260
227
266
237
128
171
124
128
134
146
134
145
125
178
128
152
131
127
134
165
131
127
212
247
174
163
129
200
204
219
124
124
128
122
141
126
129
122
134
127
134
175
176
125
126
222
134
171
204
128
134
184
125
230
129
124
247
218
125
133
143
251
177
128
126
120
178
145
207
246
304
134
163
202
125
127
127
125
133
126
261
178
141
128
130
151
237
146
194
150
128
245
273
133
167
178
134
141
201
127
171
195
132
122
126
127
120
124
252
129
127
128
127
121
259
131
120
128
117
260
250
126
182
196
224
194
127
126
208
213
121
130
127
212
205
129
207
215
133
131
211
255
231
211
126
126
119
121
180
129
125
125
226
119
216
133
189
125
133
126
138
130
123
128
128
121
216
126
130
201
245
114
238
186
219
148
187
126
128
134
259
173
181
127
228
126
212
133
131
170
129
129
126
125
131
257
171
124
199
193
126
127
127
123
177
127
137
137
128
129
132
125
182
131
131
125
131
234
194
127
130
130
366
127
209
232
210
236
124
126
227
129
125
234
200
165
172
126
128
126
125
219
122
221
131
185
192
201
125
218
134
159
153
128
171
123
255
136
143
192
129
135
173
226
168
174
176
228
259
128
139
138
127
196
132
161
127
185
188
212
250
221
240
249
124
118
130
128
199
152
128
239
200
129
175
214
125
209
148
242
244
252
262
261
249
263
257
264
204
247
197
228
136
228
257
212
188
182
188
177
222
