474
622
472
593
653
581
101
348
1063
715
678
225
17
415
648
1465
1117
1233
832
747
515
78
528
706
254
763
158
126
921
779
740
179
77
887
315
303
24
58
437
286
470
192
415
292
37
430
292
92
100
543
209
73
437
418
395
180
245
230
8
508
1154
718
84
9
34
154
64
860
527
384
144
8
514
214
127
61
807
634
356
156
154
25
164
97
88
7
7
60
9
10
8
12
10
8
8
9
8
69
8
7
101
121
9
7
9
56
11
92
90
10
9
10
8
79
47
7
71
96
143
205
316
858
697
531
588
473
178
490
154
812
751
665
431
68
78
526
358
330
235
158
64
283
12
323
712
711
419
175
543
7
267
143
248
318
194
205
241
222
172
78
378
451
425
127
412
446
199
830
627
616
591
440
399
340
68
907
807
744
707
432
136
391
431
86
943
590
316
288
45
161
97
8
67
226
231
107
94
117
31
55
861
794
411
328
452
758
463
30
129
107
350
495
360
339
285
60
197
722
588
101
251
238
65
259
263
243
8
11
629
623
306
310
301
251
44
80
22
96
146
188
428
121
7
693
739
397
256
28
161
236
474
426
357
306
180
8
7
72
676
658
237
27
111
17
66
95
23
52
55
70
7
8
70
57
131
55
117
77
9
8
68
8
79
42
110
8
8
8
9
55
188
222
11
291
124
8
289
1406
1349
1213
1048
750
242
252
202
226
202
29
829
626
318
173
133
115
368
473
277
98
479
468
72
38
297
153
257
151
79
252
532
525
60
80
16
400
771
626
412
105
215
257
9
174
332
19
7
30
652
609
537
219
117
65
158
59
411
123
93
637
597
89
48
130
588
678
555
298
98
468
84
46
73
62
124
28
37
808
712
489
352
436
321
405
143
190
365
327
304
81
68
115
8
330
521
444
347
50
88
530
94
95
325
241
239
338
481
144
206
488
472
55
125
322
292
72
80
366
450
420
299
676
244
220
7
261
319
229
122
77
7
375
507
479
107
345
16
625
494
386
430
251
195
96
206
315
258
233
1048
1322
909
1084
854
130
427
413
284
255
430
161
313
698
607
407
625
414
218
223
170
143
599
261
168
49
10
348
367
283
226
224
103
141
278
243
285
145
326
82
50
567
578
479
56
82
133
135
111
178
9
105
113
93
14
107
10
49
87
7
134
20
9
7
8
104
104
119
108
8
10
8
8
8
8
38
208
10
412
136
287
620
449
431
179
57
11
689
315
167
845
703
243
302
277
404
970
849
973
639
260
265
236
227
133
169
192
226
107
212
473
75
8
165
696
448
134
78
790
15
290
9
46
186
432
228
458
441
176
403
170
315
176
22
247
45
108
63
91
7
204
117
69
181
478
202
422
440
318
451
376
534
440
164
90
226
173
128
80
44
131
27
8
333
608
466
318
152
763
589
496
421
369
7
57
626
552
541
311
68
159
603
361
8
655
413
149
284
29
392
253
125
144
123
182
68
35
126
238
595
336
148
44
58
207
34
240
456
118
358
505
351
143
129
356
617
1147
912
364
353
7
154
122
110
8
12
379
373
300
155
53
372
309
174
206
503
386
340
323
163
194
285
208
514
413
319
218
453
339
175
84
67
56
97
357
125
124
17
302
544
100
101
471
215
183
272
188
193
208
202
162
402
217
178
139
342
206
77
293
143
20
551
171
7
27
121
95
8
52
7
41
886
704
586
466
173
805
787
680
625
502
648
309
456
342
436
40
530
228
6
71
755
696
693
343
136
58
218
407
20
249
57
8
7
6
6
7
130
119
75
52
6
76
6
5
6
86
46
6
6
106
60
6
47
6
6
117
260
64
263
22
95
53
269
236
210
92
492
436
366
240
217
165
218
214
166
127
31
801
535
501
243
204
671
634
415
174
141
416
279
180
63
107
42
35
723
1190
1022
853
916
379
315
94
158
249
389
367
59
162
327
342
126
364
447
437
320
384
495
115
135
181
204
513
331
534
127
357
72
709
377
68
148
180
222
358
625
64
598
620
1086
1056
847
21
87
316
458
451
394
64
328
373
139
126
302
360
73
5
380
497
680
427
778
635
553
387
250
346
419
605
306
364
309
272
234
222
100
438
487
106
321
150
105
8
614
866
766
546
748
612
502
307
242
767
122
23
380
260
126
532
260
158
7
115
238
578
360
79
103
141
127
117
131
112
8
8
119
6
101
98
8
7
6
6
8
118
10
10
189
296
605
704
1133
522
147
161
1131
1092
821
340
12
164
321
207
625
408
270
367
229
62
29
611
348
496
402
269
139
481
265
116
99
1003
936
454
505
