234
243
490
643
348
460
435
334
249
226
8
43
295
166
447
349
264
593
479
12
716
457
701
577
445
545
204
522
455
264
201
451
351
459
587
458
353
425
265
195
84
31
657
625
384
328
375
190
8
592
348
301
277
146
8
15
439
13
302
391
376
223
345
426
559
719
420
439
434
436
219
54
819
660
463
147
392
206
18
103
353
121
8
302
628
609
439
364
274
21
201
735
731
613
402
200
113
8
347
693
112
20
238
453
507
331
281
268
151
378
137
645
18
572
361
348
305
146
169
67
55
342
244
8
281
336
331
309
245
54
501
364
315
98
34
105
98
122
74
99
87
8
7
100
9
11
7
7
47
8
84
78
43
66
87
8
13
97
11
9
240
329
277
106
699
618
337
478
258
286
301
9
8
7
110
164
7
155
436
236
211
57
329
340
184
112
98
16
305
119
165
83
206
540
266
8
757
669
661
461
46
7
125
45
160
267
413
106
98
42
347
305
213
356
725
37
445
93
191
213
17
499
500
332
290
268
246
388
186
79
62
237
55
29
486
130
609
10
484
84
836
801
241
176
158
787
576
505
72
23
18
244
229
345
615
466
445
341
88
407
381
8
557
199
179
174
728
700
784
673
426
405
185
144
8
235
108
314
179
352
418
687
128
177
323
165
564
229
173
307
249
281
77
735
635
635
519
393
146
204
237
274
310
153
158
180
207
142
416
474
245
107
288
47
67
211
314
192
69
99
392
192
485
426
174
195
215
52
99
291
145
8
106
161
416
227
134
89
743
743
484
457
491
313
300
229
8
219
633
515
619
179
161
527
542
280
478
327
367
351
334
184
222
8
130
430
649
642
239
67
440
401
38
233
114
161
97
7
455
371
191
547
391
292
368
150
46
8
10
8
7
7
7
10
7
9
8
9
11
11
8
96
52
10
9
73
10
49
9
7
8
9
109
55
9
9
8
8
16
13
9
8
141
192
144
393
577
552
405
374
534
339
232
522
148
187
402
29
8
120
88
8
7
8
9
95
694
642
141
128
226
468
464
276
361
91
47
784
790
397
341
75
434
425
99
337
256
220
333
102
249
245
9
441
305
51
89
588
105
891
549
496
439
300
203
9
228
162
143
50
344
456
109
9
394
780
601
355
198
552
372
252
22
117
94
355
74
311
131
87
101
10
163
313
546
405
655
385
363
304
254
144
117
305
576
559
6
837
812
712
527
837
502
494
327
301
396
418
274
305
54
728
663
478
273
207
336
849
832
796
1326
1080
1154
928
993
1085
621
179
92
144
342
249
7
436
156
100
84
37
187
81
47
94
8
8
8
96
241
338
338
385
190
95
142
250
258
77
58
118
194
574
442
519
506
215
230
14
531
8
144
204
684
558
477
478
298
8
565
520
423
469
690
628
488
49
150
227
357
179
577
533
472
428
257
250
159
332
347
222
314
505
465
461
112
481
506
412
376
249
262
161
26
395
718
559
438
327
7
29
401
422
6
6
512
341
357
341
189
84
7
340
214
143
45
8
10
131
42
140
134
7
8
8
11
8
8
138
115
8
11
11
9
154
241
281
338
470
429
728
431
294
129
51
8
8
11
531
325
261
641
119
85
116
284
317
311
304
271
238
102
111
326
159
224
176
124
59
469
677
559
555
321
75
164
242
736
610
534
452
511
327
270
649
117
8
43
285
434
335
572
915
667
552
302
272
54
177
306
8
120
157
110
523
405
327
172
425
59
285
229
456
530
431
491
7
92
177
264
282
26
8
383
170
733
675
506
491
341
546
483
426
277
511
253
8
37
625
492
461
252
615
511
460
243
200
361
196
109
178
235
198
105
303
229
111
20
65
526
374
259
73
847
547
448
242
228
70
214
251
173
9
902
848
548
728
829
795
365
379
123
109
258
29
205
364
323
219
59
163
366
478
20
606
169
88
347
442
165
367
305
309
311
271
258
76
61
7
601
508
145
155
530
395
79
836
414
179
21
432
131
169
218
135
11
70
9
30
7
9
7
8
7
9
9
8
9
8
67
177
547
674
1641
1735
951
1418
1110
712
908
779
474
102
43
50
197
339
616
246
155
507
388
350
64
187
292
394
110
295
177
145
327
379
628
405
399
426
206
96
13
121
53
575
286
171
315
567
504
288
127
473
7
102
64
167
207
53
89
338
447
585
234
441
157
467
497
248
46
36
475
400
482
25
474
221
767
158
257
443
563
267
68
619
261
32
433
302
132
92
145
89
311
723
438
847
105
175
930
962
70
930
10
252
809
110
406
156
393
96
51
17
128
407
