485
523
534
347
364
312
220
275
355
384
390
255
357
363
311
307
353
360
351
383
312
209
237
176
161
187
168
176
179
139
136
160
148
168
151
202
216
259
221
228
265
241
273
243
166
207
163
217
223
169
233
172
171
145
139
183
204
241
273
267
262
304
346
271
245
404
266
240
224
173
161
177
186
180
190
200
208
206
246
250
294
281
334
316
300
343
284
166
146
125
143
179
148
150
192
194
141
154
162
174
198
194
213
151
151
198
230
182
185
180
227
140
144
148
145
178
133
155
158
156
162
158
143
152
176
220
184
157
512
407
282
375
527
494
413
342
379
168
265
161
179
418
399
367
345
328
267
347
209
228
192
154
168
180
140
163
161
143
190
157
147
144
183
176
162
161
202
190
194
152
163
167
196
150
156
153
157
170
202
230
239
261
246
200
247
246
194
180
161
137
133
135
155
138
122
136
134
139
146
143
122
172
131
135
140
173
145
149
158
186
158
201
166
167
141
136
139
136
140
138
131
141
152
170
181
150
143
159
194
250
236
218
217
212
168
203
134
130
124
138
133
139
143
127
164
131
139
159
140
138
163
167
195
200
156
138
145
202
208
204
198
178
183
167
190
179
159
164
192
203
223
209
187
197
193
189
223
229
212
195
185
157
182
178
164
151
315
288
383
307
741
572
750
626
428
288
678
909
941
936
994
1032
863
745
844
885
829
605
641
634
726
542
634
610
562
673
420
564
564
314
189
236
172
161
179
125
296
301
530
516
474
476
457
471
432
394
257
335
582
597
446
405
408
1060
966
1135
984
1160
1094
890
867
911
759
754
979
674
661
660
406
502
562
623
639
653
522
693
618
613
582
432
417
868
917
930
948
923
884
868
824
751
808
586
278
233
288
307
231
152
135
156
190
180
165
145
196
214
212
203
200
205
198
187
188
176
208
167
130
136
145
160
144
149
138
136
139
121
169
175
139
161
136
132
143
159
158
148
148
182
208
198
199
217
208
253
247
237
300
308
300
299
278
234
225
249
334
254
149
1080
1051
999
960
879
866
834
856
846
789
735
789
866
729
657
651
491
536
451
553
1032
930
845
882
759
612
624
499
461
474
468
462
484
370
664
586
699
543
558
511
611
434
341
314
436
493
564
285
811
763
927
783
709
753
606
668
594
577
540
508
371
522
518
486
563
729
712
628
824
527
542
1241
1239
1182
1280
1368
1045
929
1159
700
834
1146
1130
1185
1096
928
870
850
872
853
967
832
964
819
782
771
761
675
658
658
643
626
620
602
439
416
514
436
434
389
409
385
367
421
688
1330
1170
1095
1193
1095
987
906
1391
1224
1170
918
1020
968
1107
876
993
751
906
786
935
954
880
556
556
584
642
629
500
518
486
406
475
377
460
441
302
434
449
352
223
215
302
266
281
194
137
141
195
162
137
160
192
182
169
175
200
131
142
150
151
143
159
176
182
211
236
225
183
182
209
166
155
152
133
166
150
146
148
152
141
136
134
155
147
153
163
172
168
195
186
150
127
121
138
176
171
148
187
148
183
174
166
138
133
141
158
192
181
162
121
173
149
160
180
194
182
179
204
200
172
159
160
183
210
194
202
200
138
191
187
176
193
138
200
172
179
129
164
146
119
130
113
171
148
148
173
194
212
223
229
226
237
222
234
138
175
154
164
209
175
195
196
140
138
138
135
143
146
191
137
135
137
131
141
145
142
139
135
142
166
166
133
135
132
135
139
137
137
142
181
284
337
268
252
286
277
311
235
273
256
219
705
590
558
517
440
370
412
272
346
265
379
364
349
355
359
225
171
280
267
265
151
157
167
194
181
163
162
156
193
238
211
192
200
172
140
180
152
163
140
136
135
136
140
142
144
133
132
142
210
159
376
463
411
384
459
332
390
380
168
369
294
323
283
191
300
326
134
137
479
2818
2696
2772
2351
2415
2401
2499
2311
2040
2254
2149
2154
1941
1956
1753
1572
1443
1695
1405
1841
1165
1140
1143
1132
1141
1002
1027
734
889
826
823
892
780
767
681
618
646
807
567
627
566
631
710
707
596
703
658
666
711
614
625
317
438
187
245
188
190
150
166
173
202
140
160
137
139
128
145
189
141
194
326
635
597
593
437
457
585
316
336
326
430
233
296
314
337
292
255
146
274
147
548
526
381
401
466
237
164
116
134
730
720
707
1906
1451
1307
1364
1219
816
682
605
748
831
713
456
616
771
492
244
239
265
329
246
150
176
237
138
141
204
193
180
162
167
575
552
536
250
455
726
680
716
421
152
132
122
128
136
159
181
118
123
126
193
183
130
135
137
210
254
198
131
226
193
141
175
351
136
332
594
