264
256
251
311
340
17
121
57
28
294
205
222
331
389
531
422
736
234
542
199
101
11
116
198
595
821
285
561
62
348
404
457
44
418
220
96
82
11
8
13
19
27
16
813
167
24
18
21
15
235
10
331
113
110
118
25
142
138
52
7
116
8
11
13
16
13
15
116
53
17
13
20
218
288
10
229
266
153
225
10
12
149
38
435
582
646
52
31
16
12
64
101
59
167
52
23
162
13
101
190
238
23
20
11
8
14
160
11
27
278
14
14
94
47
69
35
419
204
89
69
103
54
13
12
152
131
61
38
448
59
37
10
30
181
15
11
216
204
14
47
196
35
43
193
50
174
15
35
12
9
10
17
215
9
34
45
9
398
113
93
19
21
11
12
10
25
52
378
246
190
87
233
68
9
24
9
99
63
9
20
15
44
66
21
16
10
14
40
12
15
13
17
22
23
15
81
205
26
14
10
158
473
848
948
285
580
348
9
32
12
10
12
11
13
97
32
15
18
45
38
12
17
12
120
104
220
420
79
14
10
13
66
46
205
127
75
14
31
11
17
65
135
11
15
21
15
51
53
109
96
32
19
222
127
12
216
12
10
39
266
97
10
154
13
9
97
56
18
10
33
10
175
494
710
14
120
78
17
271
52
203
313
57
165
17
168
12
13
12
256
231
10
116
11
9
10
46
56
588
611
682
361
583
633
15
52
39
242
165
12
16
15
9
9
225
109
94
12
13
93
23
83
13
123
178
20
21
9
13
66
21
333
531
12
141
48
15
13
110
110
49
32
10
29
69
25
136
20
34
170
16
10
10
63
124
257
262
112
474
13
161
113
10
14
64
24
229
21
27
196
60
60
18
18
109
54
51
96
10
13
10
15
169
15
219
90
215
206
136
211
20
324
148
38
21
10
61
12
85
55
45
18
12
189
10
15
112
55
14
41
102
10
11
10
233
14
134
20
53
31
16
20
21
307
387
426
300
11
80
52
13
12
60
77
38
39
9
15
21
48
83
10
160
140
123
9
10
71
68
12
10
294
33
208
219
195
18
13
13
12
22
230
145
52
10
62
31
25
11
198
180
51
12
46
11
13
40
15
10
17
56
94
141
45
21
107
91
68
77
10
13
12
39
11
177
25
39
10
10
160
102
70
154
33
131
20
19
102
42
45
12
181
17
9
34
12
195
34
23
157
11
19
10
81
16
92
32
10
259
10
103
22
288
343
277
82
111
66
9
9
27
46
10
133
18
22
80
23
236
83
10
12
245
13
42
10
48
15
56
13
27
13
9
44
18
219
171
184
50
204
218
180
159
114
35
15
9
261
100
16
155
11
39
9
14
36
82
83
170
94
95
16
16
70
138
39
9
9
12
15
22
120
44
19
10
13
25
15
293
416
23
20
47
167
38
221
115
188
465
348
9
37
12
85
83
197
30
56
23
29
213
13
12
26
43
163
10
204
12
9
28
15
17
9
101
17
200
94
59
12
13
17
44
11
52
75
106
28
476
466
243
53
25
10
205
192
14
224
15
25
40
12
147
142
10
14
10
93
13
334
913
11
33
169
168
151
15
15
61
117
118
24
14
74
11
158
11
16
86
14
12
209
16
12
21
12
10
15
18
9
93
15
10
15
121
11
50
49
10
13
13
26
18
15
14
17
18
91
181
143
104
372
715
114
56
33
11
247
160
388
4292
3637
3673
3978
2955
2983
3491
2535
2771
2440
3329
1995
2704
2910
1559
1722
2152
589
684
1169
455
618
985
1028
1330
868
38
15
18
191
118
263
13
14
183
13
62
777
1252
1599
117
452
683
158
139
36
33
28
671
948
1498
1823
1031
1197
1477
53
954
1133
16
33
98
110
131
21
193
259
13
25
72
164
157
24
22
22
52
58
35
23
32
297
420
445
99
15
92
14
122
21
8
17
56
15
14
26
62
170
133
132
117
133
222
17
121
96
15
33
17
55
12
14
34
13
14
14
14
22
10
14
41
59
35
23
187
54
81
2291
2476
3127
2222
2392
2889
1174
1640
2003
1114
1169
1454
788
1234
1302
268
809
19
17
118
10
82
17
529
675
130
484
10
128
16
76
12
146
20
41
14
105
8
30
13
123
15
207
138
13
54
15
13
8
10
53
16
63
117
498
112
82
52
170
77
49
16
11
175
24
22
14
332
17
12
26
16
248
34
18
14
122
19
151
129
20
21
31
33
106
137
38
17
11
17
323
79
16
82
12
29
44
144
274
19
41
75
38
23
69
14
15
8
33
87
44
8
412
48
144
172
26
18
257
40
52
91
21
13
16
202
303
40
15
49
9
11
120
60
16
