405
443
482
396
431
460
440
401
302
406
364
347
387
342
305
397
359
334
267
350
298
350
287
430
292
436
376
292
413
421
403
378
421
507
433
425
381
430
337
322
389
288
413
411
343
292
377
356
419
357
327
437
412
366
348
346
410
286
397
367
358
293
300
394
438
388
385
298
331
330
315
280
359
288
285
386
346
305
343
399
391
403
411
393
293
292
402
335
367
349
378
305
388
339
351
333
353
288
389
301
352
405
291
294
390
407
367
296
271
427
428
339
389
415
364
405
299
375
306
344
343
333
383
369
347
