328
129
193
219
30
13
241
15
31
13
280
15
249
221
17
218
165
214
395
78
267
1328
878
762
94
504
535
34
112
121
881
743
334
128
213
220
89
195
14
20
144
294
130
27
400
487
35
56
30
25
293
254
274
185
210
686
421
289
145
92
688
368
18
31
13
18
15
221
183
12
12
159
89
10
17
266
559
110
15
12
225
9
14
8
11
54
115
182
14
402
37
89
323
280
105
61
31
54
146
36
136
17
81
264
61
61
37
280
13
169
47
62
248
1337
1704
1845
2330
2384
510
1615
1791
1873
812
2143
3015
3090
3448
3494
3559
4891
5418
5470
5172
5676
266
708
862
1066
2744
3790
3892
1648
1783
1908
2433
2546
3081
3140
884
761
1320
93
17
24
10
63
117
24
150
53
134
60
13
14
68
129
64
59
14
129
57
216
123
47
21
11
121
171
149
19
134
157
48
129
399
604
45
222
44
82
14
26
21
15
317
133
28
48
17
51
84
101
378
640
16
410
453
591
15
14
17
27
117
59
612
1112
718
1089
482
219
21
11
13
10
177
10
11
15
143
470
583
31
57
16
247
16
90
11
12
12
159
122
141
225
1236
1005
1631
440
594
856
867
911
1133
2205
109
295
495
963
178
217
34
257
423
20
69
17
13
14
41
295
382
20
248
325
91
10
284
74
126
16
10
24
365
20
17
68
46
25
18
99
94
60
20
34
25
162
68
124
9
66
489
254
234
71
26
221
216
18
11
433
220
499
16
162
414
256
461
853
1296
141
14
23
14
26
15
46
40
16
12
19
11
195
10
10
165
12
15
47
92
12
23
199
22
10
201
344
49
41
11
13
427
808
1548
192
485
2611
2790
600
1592
1893
2060
2302
2545
2851
3146
209
459
468
646
1358
1474
1527
2048
546
581
629
689
240
68
16
21
9
92
9
100
44
74
10
15
9
226
26
63
169
152
16
169
66
442
55
93
196
13
11
75
83
15
14
15
43
10
172
179
125
72
21
104
11
11
126
113
56
500
928
175
329
369
499
673
160
46
10
10
16
160
17
181
493
668
627
239
33
12
14
10
11
282
122
287
610
14
91
48
698
412
79
67
351
85
207
239
115
78
159
24
553
717
850
969
1526
1761
528
812
944
1007
38
15
317
7
67
283
275
15
87
40
56
18
183
80
84
170
12
13
11
10
89
91
13
11
51
10
61
10
224
173
101
9
26
210
329
1183
755
1474
294
189
266
552
555
890
798
1078
246
475
341
792
1179
1272
1314
2104
50
132
627
774
13
102
44
29
297
191
43
175
24
33
77
31
12
209
212
15
271
22
390
278
438
191
332
332
283
191
148
21
12
12
12
16
28
15
14
144
81
139
112
181
66
12
17
89
261
718
12
19
117
25
29
22
17
192
202
206
394
220
138
84
152
152
898
115
345
529
8
72
347
264
103
266
448
462
646
676
846
1281
1503
1598
2122
2359
2610
2805
2996
509
731
975
1385
3793
963
1248
2630
3067
3263
3523
3583
3627
3679
3775
3904
4312
4368
4459
396
839
979
1141
1724
1921
1971
2243
251
420
446
179
109
247
12
17
27
14
33
7
10
257
311
446
572
630
78
77
149
125
19
30
96
45
12
59
77
178
90
40
18
304
590
3285
3364
3458
3626
3748
3956
4121
4157
4456
4517
4650
355
565
1544
2191
2366
2583
2726
3066
3453
3556
4805
4815
4956
5064
272
914
1074
1568
1851
16
208
11
17
11
12
13
18
164
148
162
50
89
37
61
85
172
221
20
22
17
20
264
144
28
224
205
275
135
111
23
202
174
118
9
239
80
15
21
206
192
127
16
62
17
450
105
95
196
220
812
1479
1804
1917
2411
2969
2964
3311
81
174
1096
1544
12
55
335
455
98
528
82
347
276
78
449
377
424
237
149
44
682
1154
92
9
16
36
135
214
405
714
1856
1677
1928
2247
2454
3297
4334
1341
232
88
182
73
35
174
252
239
96
90
11
82
25
200
273
568
124
10
17
46
12
158
12
9
12
13
217
113
110
12
16
16
10
18
21
70
48
13
245
334
175
11
13
210
283
23
17
13
16
200
11
202
115
16
261
11
17
11
12
231
172
225
68
12
13
219
13
46
17
12
13
11
17
153
14
189
1952
1673
1406
797
739
662
603
584
345
177
53
146
10
176
152
25
178
9
24
22
13
36
34
31
21
201
121
19
13
99
19
19
60
20
18
166
281
203
76
39
97
111
91
13
13
18
275
14
11
12
101
43
13
84
12
94
10
12
181
636
228
13
915
667
826
8
53
74
12
29
104
72
15
164
16
13
224
14
27
226
35
62
104
44
202
30
284
168
128
20
231
120
26
95
50
34
37
240
22
65
55
72
12
26
41
56
136
113
31
23
13
225
20
15
273
18
158
140
