416
561
332
316
307
295
320
320
352
339
281
292
298
301
330
364
408
440
443
344
352
403
294
308
307
310
302
284
284
282
286
312
309
338
298
331
306
301
291
297
297
307
284
303
301
282
296
308
312
309
304
291
294
280
278
375
360
391
381
364
399
413
435
389
355
386
301
310
318
341
329
306
305
313
311
300
292
285
288
300
306
318
301
289
285
283
301
310
298
297
315
302
327
322
309
292
296
296
303
311
314
319
319
316
325
307
303
297
293
295
300
307
305
333
374
364
432
294
286
473
585
410
339
318
302
305
317
333
292
294
296
364
405
380
357
373
348
327
320
325
323
324
320
364
426
398
459
489
471
467
413
390
354
336
316
302
303
308
298
330
347
353
423
449
464
478
487
443
512
518
337
325
313
318
314
324
339
346
376
396
382
419
495
493
469
482
489
537
357
353
329
330
309
308
341
308
310
317
306
305
294
289
287
284
305
296
307
287
291
310
327
301
379
341
404
326
320
305
490
485
397
385
309
291
297
284
325
526
287
285
286
304
296
296
295
302
288
308
323
300
284
309
343
303
332
315
302
374
305
315
300
291
299
311
315
345
381
500
427
363
302
301
308
337
317
327
409
410
398
434
301
338
298
294
285
299
346
296
297
302
317
292
302
293
302
314
292
332
335
336
358
373
394
415
397
404
378
363
390
320
373
282
288
286
292
282
333
321
321
364
338
341
367
379
401
389
347
297
303
301
299
312
313
339
302
302
308
334
327
318
358
411
403
401
416
391
357
337
388
314
296
288
301
330
327
603
553
563
554
400
579
295
295
304
298
342
302
290
289
302
319
302
301
335
303
379
523
393
374
386
411
481
449
454
386
418
407
372
362
306
351
491
459
366
372
402
445
305
302
337
297
293
312
338
299
299
323
301
294
306
300
289
299
320
314
349
379
329
385
351
357
310
302
304
302
310
357
310
313
322
340
344
384
361
324
321
316
438
597
542
375
394
423
454
428
445
465
498
475
514
542
487
403
368
362
344
351
350
353
351
318
352
312
305
310
303
294
289
370
298
300
333
340
370
379
393
359
310
309
305
312
327
311
310
316
316
306
305
310
297
368
357
388
409
426
436
448
457
397
403
309
297
309
303
329
342
342
373
351
311
395
387
372
449
495
405
527
447
478
502
389
410
317
315
315
310
305
299
304
291
302
334
301
335
298
296
291
298
306
354
298
375
347
302
297
301
302
319
321
329
329
341
312
303
305
303
298
320
310
322
316
296
486
471
569
633
415
408
400
365
411
304
303
301
306
308
302
321
358
333
357
347
304
361
367
381
361
440
438
467
390
476
344
389
289
308
365
408
308
315
317
297
285
299
298
327
331
312
332
310
325
295
330
350
351
341
347
382
350
403
359
349
309
367
393
443
412
429
416
356
350
332
353
423
358
397
292
298
370
411
379
397
397
386
438
293
298
314
300
292
302
314
310
336
301
307
301
313
306
304
346
295
314
312
298
304
379
347
312
301
291
360
362
412
416
419
554
552
549
475
484
348
466
322
360
322
332
346
334
340
336
336
336
354
338
377
338
373
359
391
391
361
360
325
364
310
342
310
309
306
315
333
358
347
329
342
316
314
342
373
324
352
383
392
423
410
436
355
341
406
317
426
371
473
448
342
339
307
448
444
417
388
285
367
400
396
455
434
492
419
452
357
342
290
296
292
323
286
283
303
323
395
329
299
311
296
301
313
367
388
403
439
416
416
444
467
437
395
426
407
306
309
298
299
301
296
298
287
295
289
295
299
330
335
296
293
301
299
295
297
342
299
327
414
292
317
376
415
442
391
417
413
510
301
381
341
302
313
294
301
291
305
477
420
517
438
450
434
351
568
298
286
284
288
287
291
305
300
287
298
307
308
325
298
315
344
326
369
344
374
306
293
307
307
348
328
299
288
397
341
330
291
281
280
301
290
290
292
294
300
301
314
298
316
283
299
319
295
300
352
373
391
412
407
423
393
420
457
340
375
388
383
394
385
413
344
350
396
414
421
399
405
362
349
356
347
362
342
336
334
357
330
509
384
366
364
600
348
332
355
351
372
282
285
317
288
307
287
306
321
299
292
281
280
284
291
309
287
296
297
297
299
300
284
328
346
346
358
313
304
328
307
295
309
313
322
317
331
296
283
292
296
293
291
301
335
398
419
433
474
487
487
517
549
527
579
541
602
669
598
632
605
609
495
570
460
447
474
468
432
396
430
402
455
305
544
292
310
309
374
384
370
370
413
390
390
317
288
294
287
279
297
288
285
305
304
347
334
288
350
359
352
382
370
308
299
313
381
407
298
295
296
289
295
296
363
412
403
416
418
462
337
371
296
292
314
314
341
287
311
330
329
346
386
338
341
334
303
299
326
292
283
290
311
311
354
324
317
285
285
340
376
425
418
382
385
410
394
339
343
329
341
330
333
325
339
329
332
334
357
325
394
342
366
332
407
438
512
455
457
457
536
362
324
335
320
341
360
352
363
422
345
315
329
315
296
296
305
295
337
305
294
284
283
303
302
340
331
400
375
369
396
361
315
295
302
297
302
324
303
314
313
382
367
376
419
466
372
335
327
319
324
322
388
336
293
338
301
283
296
293
310
290
287
287
307
314
289
287
286
296
310
302
325
359
311
297
306
365
389
386
460
403
420
488
337
376
299
297
341
304
334
294
295
296
292
285
306
332
355
361
302
365
311
300
301
296
312
310
363
281
306
313
298
296
336
287
296
306
308
293
294
299
284
285
303
334
308
299
306
350
288
285
284
296
329
284
297
326
308
445
465
411
376
315
319
316
316
320
350
292
443
399
337
303
304
284
402
305
333
315
292
297
299
329
325
367
387
289
291
292
323
294
290
290
295
289
304
291
314
306
324
307
350
352
312
314
294
298
297
294
285
294
305
295
293
300
301
289
368
294
287
287
291
288
289
289
297
291
287
288
290
310
293
283
305
304
311
377
403
421
404
390
379
326
301
309
304
303
324
316
308
329
382
366
400
388
397
425
442
457
363
359
334
326
329
324
339
319
309
319
317
321
340
326
312
308
305
315
363
380
382
405
352
401
342
357
361
519
302
327
556
299
540
357
348
395
287
308
285
287
285
299
315
303
308
299
332
303
308
295
299
310
316
309
293
291
291
326
284
300
289
348
320
346
336
311
379
361
333
307
310
343
306
287
285
297
321
300
331
330
310
312
316
290
293
321
385
363
409
448
392
355
395
357
309
312
284
417
640
506
528
440
472
854
690
545
604
672
624
676
389
486
562
354
532
386
352
334
422
552
1149
1198
1183
1126
1162
1120
863
844
405
776
576
332
332
475
434
459
336
723
1201
1126
1035
815
703
703
625
575
1002
1039
1050
904
673
941
1177
972
656
997
909
455
1160
1082
818
906
854
885
804
791
359
399
303
287
289
291
300
309
342
335
338
333
422
428
373
303
287
293
292
300
319
338
343
293
293
290
283
323
322
315
325
333
294
311
290
300
299
321
311
409
295
288
292
313
308
345
327
288
285
305
310
352
362
287
310
303
326
296
299
290
289
287
369
288
283
298
283
304
297
286
315
319
313
346
343
295
302
300
289
299
283
298
291
296
295
291
298
376
362
381
385
371
406
353
339
349
328
290
289
292
371
299
291
343
284
310
309
317
314
318
285
291
292
290
303
291
312
292
282
283
291
300
287
293
324
297
460
384
292
654
684
690
616
647
740
711
486
859
451
362
381
466
315
318
367
299
281
299
301
338
299
290
291
309
296
281
307
303
321
300
288
289
286
286
288
293
279
291
327
296
293
305
374
289
289
379
297
298
303
298
292
299
301
330
340
280
399
373
303
284
457
751
693
689
568
531
477
354
413
415
654
342
314
300
303
343
309
344
297
312
303
321
300
335
299
286
288
289
286
305
433
337
325
305
292
334
287
304
282
281
287
286
308
309
300
314
331
302
332
356
394
285
287
285
298
288
282
347
354
292
305
320
361
383
628
422
693
307
282
359
337
350
339
303
313
468
485
369
406
395
514
614
307
602
305
867
529
522
510
441
283
292
287
287
289
297
290
319
399
298
284
286
285
295
287
290
338
348
282
298
307
324
287
350
408
411
286
298
332
365
489
583
356
301
335
396
305
301
308
436
352
328
402
357
391
300
351
287
289
300
307
398
421
309
431
308
392
405
319
303
284
283
300
415
374
930
633
390
356
285
403
381
384
309
305
404
376
290
690
544
312
309
403
303
341
298
282
335
586
395
366
300
399
430
407
353
377
394
