635
574
504
436
317
239
232
169
188
186
230
230
220
201
217
239
230
214
144
139
145
146
154
135
300
225
153
200
169
148
313
138
137
127
208
253
590
371
146
141
132
294
264
382
619
747
272
345
421
546
141
156
141
176
407
174
193
179
198
165
194
131
205
284
205
342
160
158
152
150
155
210
174
122
140
144
138
158
692
508
504
288
231
249
236
397
343
304
684
148
132
139
421
178
141
141
143
202
414
173
317
237
484
164
152
151
183
152
131
275
144
157
150
138
131
144
137
197
148
806
964
163
149
142
141
147
158
137
218
139
146
148
173
165
153
160
175
165
213
288
315
180
186
202
152
138
136
142
146
158
149
144
140
143
162
175
187
214
165
152
269
161
196
153
384
428
512
630
197
185
412
149
161
211
145
150
178
143
142
258
259
319
454
709
400
709
296
130
140
154
143
253
228
143
271
305
141
399
192
212
133
247
226
415
222
136
126
148
144
141
131
142
149
255
186
250
380
183
148
147
168
401
137
151
137
147
157
218
146
143
134
133
138
133
128
141
205
130
143
136
166
134
145
151
138
257
137
147
151
223
210
183
250
163
169
143
149
147
151
217
387
283
188
151
152
139
200
151
235
143
146
152
156
210
374
174
655
375
370
211
134
142
139
417
482
487
595
509
446
461
167
259
144
132
153
155
234
400
145
254
438
426
503
339
170
144
147
138
307
313
309
303
165
152
144
138
223
204
157
218
163
143
334
161
142
138
191
148
145
149
145
148
193
150
151
148
153
170
224
245
143
146
148
220
138
204
138
155
147
153
137
247
274
198
154
182
144
147
162
274
266
254
249
228
215
151
178
146
134
169
447
410
187
148
151
141
143
166
313
414
415
286
437
377
286
220
142
139
414
151
137
195
150
260
384
308
236
147
143
131
155
157
179
181
158
163
367
135
147
151
241
138
134
150
141
223
148
279
141
132
265
132
210
220
237
149
293
199
221
136
219
272
187
166
215
219
143
143
150
206
301
1032
1198
1263
1659
341
635
1095
385
697
265
149
288
413
169
137
374
890
1375
1694
1639
2087
2638
4831
5496
2588
2824
3140
2390
2672
3902
1206
4501
4576
6552
4115
4142
5902
6557
1852
5271
6909
8049
9527
5546
5743
5887
4166
4580
5008
5441
3615
4707
5153
5502
5824
3540
3857
4731
3033
3261
3627
2815
2840
3049
3545
3233
3807
6543
6812
7201
3877
5061
5712
6111
6922
3527
3929
4003
4812
5049
2032
5482
6370
8069
5689
6032
7135
7158
6204
6918
7345
7530
7564
6417
6901
6982
7326
7465
6063
7542
7890
8124
9388
7960
8382
8500
8775
7779
8155
8519
8894
9405
7127
7549
8173
8423
6886
7023
7507
5204
5870
6330
6729
8021
5629
5960
6501
7071
5520
5728
5887
5969
7873
8069
8399
8703
9081
6988
8322
8854
9051
9191
8501
8759
9280
9465
10120
8566
8999
9058
10007
9169
9546
10296
10739
11023
9706
9831
10131
10548
10866
8740
9383
9506
10120
8543
8661
9361
9475
12617
12875
12460
12753
12795
13274
14615
12086
13325
14105
13712
14624
11823
11957
12909
13176
13257
10381
14041
14899
15422
16716
13465
14035
14756
15595
12959
13315
14333
14439
14481
12596
13140
13547
20421
20754
18435
18531
19283
18174
18505
19749
20114
21656
20782
21047
21998
22187
22596
20531
20957
21630
24008
21058
22111
22737
24150
25143
21756
22705
22764
22891
23253
20934
22978
23172
23546
23718
21856
22578
21835
22032
22352
22588
21411
21878
22108
20950
21061
21468
20718
21551
21734
21802
21965
20125
24052
24130
24549
24961
22494
22562
23512
23605
22548
22664
22434
22725
23100
23868
24275
22570
24284
24419
24506
23519
23710
23526
23405
23305
23080
23399
22703
22741
22508
21039
21456
20962
22336
21017
20820
21240
21407
21509
20201
20244
20562
20220
18826
19414
20369
18389
18453
18671
18426
18164
17857
18055
18049
18245
18387
17957
18513
20717
21339
21671
22166
20097
20325
20490
20654
21033
19388
20095
20200
20650
21268
19183
20015
20030
20169
20754
19493
19489
19573
19683
19709
20167
19334
18096
17514
17915
17971
16831
17259
17426
17460
16938
16489
16541
16273
14441
14899
15853
16420
16653
14052
14737
13770
14253
14054
14040
14398
13965
13250
13148
13100
13101
12994
12889
12106
11879
11759
11885
11452
11633
11429
11312
10902
10825
11481
7726
9746
9869
7143
7347
5457
5711
6960
7458
6851
4982
4992
3675
3667
4240
3271
3618
4051
2693
2954
3228
3645
2396
2573
2759
275
2007
2043
220
452
800
621
353
381
357
704
419
382
352
310
148
189
681
144
141
146
1216
1461
5032
5225
5328
3519
4363
3660
3874
4343
4509
4652
2713
3767
4157
4289
1415
1429
1619
2094
1377
556
1172
809
955
907
1427
1358
549
1021
303
158
598
964
154
139
1023
131
128
130
720
2458
266
704
878
2148
2989
539
1260
1075
942
207
152
2009
1296
1698
2229
1338
2067
874
1221
878
741
575
548
323
240
540
136
381
174
137
137
4455
3060
3915
3357
5552
4301
2743
489
2490
167
326
3258
5228
4621
1819
2832
1877
2550
157
696
144
661
141
151
146
135
241
141
140
150
141
258
137
202
143
134
174
250
166
158
184
184
139
269
173
137
265
229
148
133
397
482
188
142
190
250
242
235
142
237
