591
511
393
186
531
607
65
661
516
160
655
441
210
145
45
34
101
149
152
175
11
194
9
8
315
443
357
312
218
171
161
125
216
48
51
48
233
211
87
55
345
129
8
116
9
61
9
8
115
10
8
7
86
9
9
133
44
9
17
9
7
132
120
9
9
8
7
70
10
217
223
153
162
174
271
8
106
806
368
260
255
234
52
17
135
44
9
154
274
869
326
291
312
423
377
269
166
208
266
211
822
662
353
143
287
192
8
29
115
447
435
109
61
123
11
332
246
7
54
102
106
8
102
32
185
8
305
354
286
42
391
74
61
9
198
297
83
171
189
53
860
766
291
8
71
404
349
167
60
231
10
198
389
206
225
16
269
125
204
388
213
8
20
42
224
241
145
284
326
196
117
35
99
609
270
38
196
185
245
92
117
177
341
10
99
41
153
110
90
149
107
405
391
196
6
749
461
273
247
102
60
143
279
268
65
111
34
62
816
666
494
351
125
226
849
799
778
688
680
318
182
169
440
103
97
598
439
165
129
183
291
259
230
106
229
737
716
541
337
528
320
302
252
91
287
263
100
205
381
233
127
197
333
48
350
340
210
395
257
368
181
8
170
83
55
350
297
174
457
494
361
206
35
227
228
14
710
658
568
554
7
8
8
518
82
43
141
15
284
111
554
196
224
71
33
48
36
108
276
565
423
92
185
150
97
87
614
517
383
381
176
228
495
284
268
585
92
48
138
224
215
223
406
46
324
790
514
165
254
475
9
118
9
8
8
116
67
138
22
9
8
8
9
8
7
7
102
8
8
108
8
8
8
7
8
118
7
56
44
10
8
451
451
425
86
150
185
34
170
8
797
749
517
584
330
60
18
93
174
189
56
64
106
83
110
177
10
8
8
8
8
9
84
326
163
115
118
258
530
317
118
15
31
126
30
71
8
14
273
763
566
345
92
29
147
361
488
174
69
428
164
112
133
126
12
193
146
35
10
193
200
110
7
8
326
133
219
561
593
456
284
259
171
9
371
129
299
218
135
445
385
148
96
207
263
351
478
472
327
296
8
39
153
89
184
341
348
341
346
8
816
199
177
491
493
116
579
30
149
67
74
431
406
377
117
54
55
90
130
9
14
304
164
229
570
548
529
373
207
78
14
624
526
442
36
341
157
109
7
238
553
344
23
90
8
2716
2655
2433
2266
2240
1624
6284
5573
5579
4379
4485
3231
4617
2878
5281
5452
1953
5058
1508
1813
1433
2513
2668
773
3058
3373
314
919
1007
1458
563
393
257
332
733
714
731
673
240
205
185
77
201
407
121
164
96
14
159
476
458
480
860
534
285
713
606
350
62
617
568
288
217
70
722
71
8
8
8
7
63
7
7
15
8
85
60
8
7
8
9
9
9
7
109
9
90
130
29
7
8
137
140
165
8
7
8
9
8
102
8
43
7
242
130
60
301
269
242
186
8
86
255
72
120
443
86
349
194
134
186
33
52
720
47
76
60
38
302
243
144
448
358
227
115
220
276
648
102
146
449
358
239
204
253
272
230
258
69
161
217
775
631
515
405
27
834
480
183
48
205
145
90
500
74
249
131
179
43
476
179
296
123
115
89
99
237
119
218
30
379
192
71
660
596
419
424
284
8
8
296
62
19
671
328
15
225
326
342
128
59
844
607
334
380
951
169
121
332
227
149
33
141
69
60
8
142
259
528
285
301
204
104
61
230
12
210
334
8
40
74
509
469
120
265
259
287
397
640
612
556
480
490
211
152
551
543
497
785
494
140
62
129
294
445
113
62
61
131
229
335
31
778
268
511
615
605
591
515
239
242
143
454
52
9
55
7
117
45
9
44
147
8
9
8
44
134
70
13
9
202
194
1279
827
1104
644
399
376
8
8
150
196
178
302
629
606
341
100
321
428
396
343
190
552
587
180
153
99
137
93
60
363
113
119
185
154
24
42
171
557
507
490
23
265
144
156
144
115
669
378
376
335
358
371
429
694
670
402
159
102
506
479
8
387
354
158
665
361
144
17
70
140
80
38
111
45
306
884
713
291
569
123
152
161
160
426
328
495
197
677
661
456
296
103
341
137
401
152
465
136
50
8
51
90
10
7
8
101
51
72
9
110
114
9
9
8
133
8
13
17
212
213
288
198
214
464
626
466
499
174
464
434
66
278
275
565
329
131
817
676
334
419
272
190
366
209
334
208
222
214
241
79
408
349
407
37
446
362
799
692
109
68
656
373
45
488
392
10
7
10
62
10
52
12
8
8
55
749
133
440
182
325
117
516
298
745
294
246
219
114
10
90
915
785
268
