268
133
126
123
254
259
123
132
127
130
122
187
121
169
128
175
124
246
127
119
232
136
129
132
128
128
389
143
183
184
185
187
148
202
128
121
239
151
130
156
133
128
126
143
134
214
244
130
125
128
170
134
128
130
129
134
127
242
230
151
348
196
145
137
129
144
127
148
193
133
123
120
118
121
128
208
123
124
256
125
182
141
166
126
121
130
140
165
132
127
121
174
255
167
202
132
162
129
126
135
133
140
171
142
142
169
173
251
136
153
130
182
195
230
265
239
159
130
133
129
132
125
130
127
131
231
190
130
125
226
229
256
126
138
122
224
237
127
130
262
127
123
432
403
280
510
130
142
190
146
192
133
135
148
195
141
149
181
127
125
129
244
132
127
120
130
132
128
125
135
177
135
132
127
213
129
122
140
225
222
133
125
166
143
182
153
147
229
139
143
151
127
128
127
152
144
165
153
135
144
134
145
129
139
172
127
134
153
127
225
262
173
207
129
131
123
128
131
184
227
128
270
267
266
168
127
130
136
139
243
126
131
133
163
264
136
128
126
124
124
243
132
135
131
257
216
141
138
125
179
188
119
197
137
148
135
130
135
125
171
127
129
195
129
223
263
126
127
150
295
188
124
248
284
170
137
135
133
147
131
131
126
133
126
246
211
299
244
132
138
132
123
127
163
206
190
188
140
165
128
127
168
130
220
125
127
182
128
128
128
147
134
132
127
138
129
129
129
121
141
170
129
138
160
239
252
125
133
135
139
185
136
163
128
138
191
185
163
128
192
124
124
124
134
126
131
129
133
127
130
127
130
133
124
127
137
167
133
127
127
128
263
240
210
134
124
129
220
212
127
125
129
124
130
125
130
127
123
137
121
246
133
155
138
155
165
133
132
139
208
133
137
126
126
131
245
295
271
168
139
153
196
128
128
128
236
129
194
229
176
224
238
132
142
179
239
232
204
135
125
130
127
130
134
132
126
132
125
131
136
127
127
210
126
131
127
131
125
133
137
126
130
129
151
137
183
167
264
183
259
280
201
158
155
125
126
145
126
257
277
177
125
129
239
141
156
189
173
149
129
133
126
134
129
121
129
126
251
128
167
237
128
136
152
128
137
182
132
124
132
139
140
182
137
154
128
200
138
161
129
126
124
130
125
243
134
137
223
180
159
127
176
251
130
174
148
128
126
131
185
130
256
128
141
128
134
127
129
244
125
248
129
130
131
127
131
145
134
128
146
175
153
126
132
130
160
125
131
132
127
137
131
135
175
141
131
126
138
127
119
219
133
125
200
165
128
123
129
215
236
134
128
129
122
127
266
175
131
208
131
126
260
270
183
137
145
144
154
162
176
169
209
235
182
194
133
122
174
128
128
131
162
129
127
129
135
157
133
179
284
178
127
132
128
139
162
137
143
175
211
132
234
218
177
129
129
130
129
127
132
130
218
531
510
419
486
544
334
413
198
140
162
247
191
215
177
132
127
188
156
134
160
128
175
149
144
128
132
128
133
125
132
134
131
129
133
128
127
253
127
132
127
129
208
127
261
201
133
139
131
128
221
291
282
132
130
384
157
113
181
260
121
143
188
151
127
190
130
137
144
220
156
129
172
224
261
133
129
131
123
167
130
185
151
137
173
130
164
266
127
135
159
128
131
128
239
223
131
123
129
171
129
224
196
131
124
131
269
133
132
234
259
194
198
178
252
193
126
181
190
135
140
130
202
170
138
141
151
145
131
142
179
129
137
172
222
222
252
126
129
228
223
146
136
159
139
144
265
216
166
212
123
121
129
129
217
125
264
265
187
142
127
126
134
128
125
171
121
129
126
130
166
205
130
122
253
251
128
131
144
192
129
131
126
121
127
131
127
129
168
135
129
285
319
177
191
157
133
125
134
130
196
138
175
233
128
137
154
129
169
259
245
128
201
245
229
219
189
138
127
130
135
136
135
182
140
186
153
135
132
257
131
171
291
130
215
127
131
123
199
244
290
172
135
260
136
129
180
176
144
168
258
241
266
188
212
143
168
164
214
230
130
257
129
224
242
211
207
127
136
124
253
259
198
127
127
129
219
162
128
181
112
188
203
132
184
182
256
132
206
131
243
136
123
194
135
126
208
120
213
130
128
133
134
233
255
134
137
264
137
181
132
254
210
205
220
143
260
126
172
261
120
263
131
261
128
253
129
136
172
131
177
226
128
226
128
130
264
191
211
125
267
194
241
233
256
164
193
134
228
204
234
202
197
258
226
127
179
132
216
256
244
223
235
238
125
274
221
225
188
