295
335
131
227
139
193
204
170
124
230
222
217
225
230
217
248
205
202
188
179
111
129
128
129
158
135
118
137
177
164
126
125
127
146
127
147
134
140
139
150
128
115
125
116
194
204
155
114
117
121
128
132
151
121
132
176
148
122
122
127
152
145
141
131
164
124
122
155
144
184
133
157
126
127
116
124
117
127
128
190
179
220
193
237
199
175
189
165
158
173
150
186
161
178
134
129
156
121
115
141
144
137
175
166
133
173
138
147
129
135
169
144
118
137
165
252
191
189
216
173
121
211
164
142
168
149
136
151
133
123
118
134
164
123
121
126
123
130
170
121
117
135
128
122
133
134
144
148
146
137
138
168
150
143
128
130
125
121
123
133
130
149
122
129
130
121
134
134
142
179
177
131
155
139
147
193
178
160
130
146
281
271
323
138
126
125
123
119
115
125
123
131
140
164
129
134
134
128
148
135
141
127
124
118
133
139
162
123
131
125
118
126
120
127
737
678
432
294
363
246
192
125
118
121
124
120
120
123
123
134
162
126
121
123
299
265
406
299
211
163
124
124
126
122
122
121
130
148
126
125
119
133
149
127
125
119
152
234
158
156
133
142
127
115
126
123
119
131
124
135
162
142
134
125
225
121
125
123
138
132
128
119
125
178
123
136
833
636
653
672
756
707
612
504
423
380
183
256
182
280
180
172
159
188
378
425
431
362
332
153
924
748
788
558
558
593
466
385
1094
755
700
250
370
222
124
126
166
309
227
355
470
263
140
137
140
132
130
138
156
136
149
151
131
132
165
122
155
196
193
179
143
130
122
172
180
158
136
118
130
132
136
153
124
226
187
199
252
176
125
122
151
171
158
164
130
159
120
237
247
179
129
121
140
143
202
244
125
117
123
185
215
133
128
131
498
350
289
395
128
213
186
199
569
453
216
227
122
127
125
125
132
126
132
230
174
131
147
134
130
147
169
166
131
145
179
134
131
146
128
146
130
131
143
1743
1779
1923
2337
1621
1834
1607
1674
1047
1228
899
1052
934
926
889
892
950
766
622
364
243
207
356
160
187
128
126
128
130
122
120
120
377
518
574
236
228
182
217
188
123
141
132
131
128
131
129
141
137
143
131
133
127
125
172
569
778
641
714
636
167
276
142
148
187
190
161
147
128
129
126
138
163
197
178
185
155
123
125
221
469
598
274
384
483
450
252
139
128
218
225
246
278
119
123
232
214
199
146
512
467
313
311
327
247
338
224
123
132
138
225
220
160
315
264
201
143
123
115
127
132
123
119
179
222
339
385
285
132
246
127
189
556
463
444
575
297
347
175
124
134
143
143
155
176
140
154
149
159
135
155
129
136
152
147
121
119
126
143
139
159
156
128
132
490
424
470
468
299
574
216
175
210
135
140
133
141
170
168
157
132
128
124
147
185
150
169
149
170
128
122
122
230
150
131
170
125
135
163
133
175
133
136
161
122
364
195
190
123
396
358
454
371
372
396
212
278
134
184
142
137
135
182
126
114
130
153
230
272
142
215
128
141
290
268
133
122
124
120
126
121
121
116
122
120
137
150
139
135
123
129
130
125
142
137
138
162
185
129
137
131
141
126
157
126
129
144
135
183
136
126
132
170
179
127
127
122
124
163
128
124
126
124
120
128
122
125
125
123
132
157
141
133
182
164
274
310
168
163
265
142
131
134
144
128
145
184
167
159
141
174
156
205
144
134
151
131
142
159
177
191
177
129
163
120
129
128
173
255
238
159
127
120
123
231
205
173
147
127
135
139
157
125
128
120
134
150
176
160
175
129
129
131
122
138
149
152
150
130
130
140
155
157
159
152
127
118
122
123
128
129
220
169
126
120
117
124
126
117
130
137
141
184
153
138
142
142
174
126
128
127
133
131
205
196
165
172
140
174
172
126
118
136
129
128
123
115
237
247
126
124
133
134
139
126
120
124
118
140
144
123
162
170
138
155
141
123
122
115
121
123
116
120
140
186
172
125
138
172
137
211
208
122
139
159
135
123
144
183
174
190
157
127
120
225
235
193
163
154
127
126
163
258
126
128
172
124
128
131
121
198
125
119
117
162
173
128
129
127
124
137
171
237
195
266
229
146
123
118
117
122
112
131
158
119
134
123
120
171
228
201
132
225
133
130
130
161
167
124
122
165
120
126
107
155
125
125
141
145
211
124
207
124
262
157
170
131
167
122
175
127
125
131
125
251
141
128
123
199
126
262
147
126
197
175
205
130
121
229
202
226
181
257
249
117
105
220
133
189
130
174
114
125
128
187
257
203
