491
357
317
348
354
298
298
317
319
329
326
399
378
365
343
377
379
332
346
292
319
543
291
436
428
321
444
468
344
437
390
419
309
312
295
297
317
298
306
326
316
366
331
370
343
378
314
312
429
347
317
367
349
317
328
295
443
389
373
399
327
372
344
393
345
380
334
344
326
329
368
325
409
296
339
298
345
442
393
314
311
354
332
313
404
294
299
302
329
357
318
313
341
345
388
418
352
326
314
290
312
321
305
295
320
301
301
315
319
338
308
316
316
297
295
309
307
351
439
395
293
318
364
293
364
302
324
309
305
298
316
356
320
325
327
334
410
297
296
307
321
311
330
311
356
297
444
371
415
296
297
297
295
326
314
343
324
322
336
348
295
318
312
322
298
366
297
313
305
342
295
317
348
331
447
297
318
303
305
304
308
304
306
356
316
372
296
317
422
322
320
332
372
309
382
418
315
332
395
425
315
364
296
294
366
309
326
306
348
326
321
323
356
354
343
301
295
310
333
306
305
291
372
320
314
658
596
397
386
328
418
365
311
294
313
299
448
348
305
301
333
321
312
348
322
427
309
295
317
319
313
412
374
405
310
319
332
392
361
352
320
316
366
305
302
397
309
364
356
367
319
328
334
423
427
426
450
322
321
307
294
297
296
304
306
301
305
324
303
349
292
295
294
416
370
347
319
318
391
294
319
355
354
320
408
298
290
313
372
412
397
305
293
300
358
314
334
319
311
311
306
335
379
374
348
316
293
321
327
521
512
307
293
294
308
310
343
402
349
375
316
311
307
295
318
326
293
354
322
426
309
323
294
308
348
295
291
313
308
309
335
318
302
292
313
303
295
320
446
318
300
291
326
344
309
302
329
305
290
306
302
315
392
1197
2707
1727
2724
315
1221
1559
1533
899
1385
498
635
638
406
305
342
2632
1373
320
4919
7138
5198
6548
5122
5873
5309
5299
5247
4912
4679
4619
4982
3241
4094
3342
2611
2728
1774
2110
2262
1096
918
944
840
1123
325
537
2931
2502
2286
306
295
291
319
319
612
433
333
436
372
372
421
300
307
300
304
292
323
419
309
292
299
412
344
335
294
308
428
326
386
422
377
415
441
449
436
569
365
374
309
353
374
314
312
316
299
365
353
297
297
300
297
413
355
294
305
456
378
341
304
291
413
317
302
334
301
433
296
299
319
312
373
354
295
309
320
406
303
322
429
291
298
346
298
299
353
478
313
422
515
519
342
351
366
316
476
341
364
370
312
306
304
350
405
292
323
381
315
361
423
313
621
669
312
341
312
390
363
298
312
300
334
302
417
308
335
439
441
345
333
296
346
392
308
309
305
351
311
324
323
354
295
296
436
298
302
305
318
296
293
326
381
481
340
349
369
305
296
294
423
320
367
387
516
461
438
335
304
316
378
298
313
370
355
370
444
310
336
354
350
351
295
310
317
318
312
299
310
298
337
316
323
349
321
309
298
294
299
319
320
415
421
451
426
292
298
310
319
316
300
294
321
417
326
328
301
289
368
325
308
311
380
385
440
378
448
323
311
382
297
298
374
323
353
422
426
380
319
355
388
314
307
294
295
304
414
290
365
401
406
357
298
427
317
449
313
337
322
309
289
392
291
422
292
293
317
369
352
394
315
335
313
339
442
313
299
306
304
298
319
307
295
307
294
318
358
400
289
319
429
322
317
431
414
319
327
340
314
349
373
316
309
305
297
320
369
313
316
369
424
432
349
411
359
310
321
442
296
3844
4388
4442
4461
4299
5538
4326
4274
3001
4204
3741
4235
2564
927
2740
2040
777
996
800
315
305
302
300
292
300
316
315
295
303
294
321
9113
8089
7828
7968
8722
7657
7771
7860
7818
7301
6185
5747
5481
5187
5122
5406
4418
4677
2830
2626
2001
2403
1089
1695
1209
310
300
2045
2203
2445
2527
1617
1738
1154
539
413
1163
1006
311
433
309
292
292
320
326
9429
8758
8176
9306
8227
9853
5966
4567
4224
5831
6975
4116
3365
3123
3716
3095
3365
1005
728
1535
382
717
855
296
291
3527
3289
4101
5198
4591
4697
2204
593
566
1751
536
423
321
4581
4689
4522
1973
1507
2050
1218
1236
539
323
349
1514
2628
2629
1307
3052
2494
1280
845
1060
907
745
939
861
884
465
1907
862
5127
5123
1925
3451
5381
5839
1002
461
2476
2819
3574
1085
1944
1495
323
366
4769
5598
6711
4086
2190
1696
1487
1513
1110
547
7136
6428
8335
7055
7085
6644
6369
4004
4975
1835
5126
2349
1754
1266
844
753
373
3380
2462
1262
1396
1412
987
323
701
1020
459
294
1957
1523
906
493
718
754
314
344
321
321
521
1344
1825
3946
2957
1165
534
388
379
749
401
474
733
7985
822
633
4407
5701
6522
2172
4587
366
4886
889
1413
411
454
418
397
383
363
433
408
418
447
389
419
397
433
461
454
418
363
