549
438
423
728
245
435
1481
1525
1189
1143
1096
867
882
929
792
738
457
379
369
662
428
238
471
347
443
250
611
458
526
564
438
429
259
907
1022
154
777
413
1287
2285
2608
2968
837
1697
1731
3614
3661
1940
2131
3298
1863
1882
1950
2967
2140
2167
2308
3034
3199
1750
2199
4200
4014
2884
3101
3343
2806
2826
3005
2241
1818
1932
1938
1699
1386
1332
451
703
566
553
494
629
588
323
338
146
229
274
1486
2339
5818
6297
8137
9101
9369
7759
8505
8978
9583
11097
9515
9541
9661
10807
11040
11053
11073
11825
12182
13228
14103
14391
14396
15254
14759
14154
13887
14123
13680
13635
13728
12721
12786
13487
13195
13963
12621
12273
12414
12591
12884
12328
12350
12184
12026
11838
11961
11139
10670
11099
11293
11554
11581
11282
11657
11774
11946
11973
12188
12856
13006
13900
13923
13133
13390
13769
13979
13867
13928
13291
13477
13573
13772
12014
13270
13010
12919
11658
11510
11895
11120
11396
11603
11851
11288
11337
11068
9906
10514
9962
9621
9713
9633
9588
10449
10325
11271
11374
11587
11895
11614
10032
12202
12082
12978
13205
11390
11586
10559
13810
14015
14789
18378
17383
17524
17634
17691
17651
17718
18135
17244
18528
18901
18655
17846
17878
17373
17373
17191
17162
16476
16203
15767
15720
15071
15457
14331
14475
13921
14178
13944
13735
13047
13347
12927
13241
13174
13298
13427
12582
12576
12076
12176
11822
11877
11983
11947
11581
11094
11089
11053
10921
10844
10378
10838
9691
10246
10256
10578
10431
9705
8381
9247
9091
8374
8191
7820
7263
7188
7284
7571
7637
8166
7264
7261
7219
6976
7209
7166
7126
5923
5602
6899
5644
5454
4659
5309
4329
3987
3811
3895
4071
4076
4422
3567
3596
3641
3348
3478
3676
3838
3264
3110
3272
2986
2663
2837
3068
2588
2930
2976
3020
2587
2705
2553
1559
2136
925
675
638
181
3340
2515
1985
3306
2377
2954
3179
1957
1882
1834
1881
1532
1590
1588
1633
1240
1617
808
516
385
739
149
146
150
168
214
143
156
139
211
147
144
154
182
321
327
322
302
138
142
209
162
146
143
149
152
362
385
330
156
144
147
207
182
155
290
206
241
245
159
242
216
180
143
137
191
190
236
181
161
195
139
153
182
149
145
146
136
142
165
213
201
162
140
157
157
164
435
145
137
140
128
295
364
172
186
147
154
269
253
164
150
204
176
159
140
136
138
504
250
772
2919
2904
3273
3755
2615
2775
2800
2914
2230
2256
1527
829
2113
2336
2422
730
502
597
668
936
349
446
451
926
752
1042
764
824
2614
2847
2771
4110
4151
4230
5116
5209
6511
8341
11093
11105
11318
10662
10687
10247
11215
11420
10985
11358
10875
10845
11486
12260
12113
11278
10979
11338
11715
11383
12117
10522
10911
10993
9791
10693
10942
9532
9316
9382
9241
9234
9177
8703
8798
8998
9472
9707
8665
8271
8056
7761
8087
8908
10191
7224
7459
7753
8203
9210
7509
8975
9175
9138
8620
9000
10640
9818
10465
10251
10409
10146
10115
9866
9670
9768
10012
10088
10388
9653
9166
10565
11941
12121
12987
13641
11053
11375
11444
11252
11740
11786
11832
12728
14653
13184
15620
16183
16708
16847
15498
15518
15520
14322
14632
14671
14737
14689
14614
14502
13763
14570
16246
19035
19179
17819
18200
18391
17548
18468
18727
19221
19985
18644
18797
18730
18818
18441
18657
18035
18117
17533
17464
17646
18473
17134
17555
17350
17078
16754
17541
17797
17998
18875
19601
17046
17603
17509
18061
17554
17559
17618
17006
19574
19634
19674
20168
18874
18844
19155
19460
20263
20235
20443
20589
20555
20693
20302
20309
19787
19239
20055
20133
20365
18945
19237
18521
18381
18350
18520
18188
18372
18036
17926
18027
17928
17866
18002
17754
17798
17822
18000
17624
17456
17625
17072
16469
16785
17049
17057
17340
15991
16391
15840
15184
15489
16027
15125
15231
14613
15172
15118
15385
13941
14141
14802
13666
13691
13503
13519
13344
13714
13034
13066
13414
12906
12939
12875
12634
12371
12676
11834
11826
11774
11377
11317
11292
11206
11060
10661
10111
10464
10032
9995
9770
9726
9361
9735
9005
8968
9004
8571
8918
8578
8512
7832
7963
8838
8717
8907
7870
7856
7845
7935
7684
7719
7773
6955
6958
7658
6648
6580
6237
6499
5739
6128
5688
5198
5000
5099
4447
4616
4067
4364
4556
3904
3960
4210
4236
4577
4001
4122
3673
3829
3887
3296
2273
2668
2637
3332
2432
1940
1461
2474
1333
859
445
146
241
160
149
152
189
140
139
132
252
213
213
150
162
137
153
231
156
168
215
171
158
151
161
182
136
143
188
149
214
221
206
216
243
170
149
174
144
148
142
270
201
143
132
149
158
135
139
200
213
148
147
146
159
143
136
145
164
230
229
163
244
225
145
141
137
138
136
136
144
140
140
144
136
221
146
148
140
137
148
136
142
147
127
196
357
404
361
1101
1706
2363
2521
3162
4132
3119
3442
3538
2276
3397
3936
2623
3455
3772
6110
6248
4785
4834
5519
4571
4581
4647
4615
5475
5211
3518
3343
4455
4698
4242
3586
2763
3166
3292
3684
3877
1985
2609
3858
4011
3989
3305
2972
2430
3186
3419
2920
2273
2315
1414
2930
2685
2126
727
972
2064
927
1615
1812
2314
1137
1177
2179
2005
2413
3358
1743
691
1467
1298
1562
560
242
402
652
942
272
705
148
437
1175
554
1854
326
630
531
1667
1980
2287
2871
3059
288
1225
2395
2033
453
154
965
381
279
1115
820
1059
171
485
895
261
328
495
1035
610
616
576
495
404
338
347
281
914
479
498
291
941
355
774
717
425
240
322
576
491
421
197
151
281
286
246
208
136
250
228
1079
494
266
