354
368
223
448
252
269
130
427
382
126
407
227
145
205
347
531
209
128
403
354
229
281
382
294
129
215
145
258
197
268
450
132
290
348
129
137
203
125
202
337
418
226
140
124
141
190
133
125
227
274
989
199
1880
766
749
3881
2396
1402
1841
1733
627
674
2242
331
306
422
391
1829
1824
1340
458
545
407
200
649
232
137
389
372
568
145
276
889
875
688
1867
137
134
306
130
133
135
395
259
158
137
141
208
202
128
113
128
444
128
122
118
119
138
134
306
485
465
370
132
434
307
234
469
133
136
395
428
132
379
192
140
364
144
219
266
255
131
182
144
410
297
295
355
244
135
138
230
190
145
144
132
125
135
132
445
257
164
345
275
358
255
144
267
187
210
392
148
437
389
186
172
385
249
422
474
435
128
393
138
329
207
140
266
313
133
134
165
139
190
281
429
192
262
177
139
201
219
334
250
238
141
182
130
146
129
200
132
199
448
354
343
310
405
365
342
275
328
188
273
420
268
353
175
465
169
142
325
365
416
344
287
284
337
330
251
324
138
131
272
143
468
185
268
327
275
302
238
148
411
410
131
213
135
403
203
