428
1384
2069
15289
16291
16958
17944
16638
19564
19083
19886
21670
21890
21902
21107
21749
22242
25041
25068
26033
26141
24948
25364
25482
25965
26401
24004
24461
24948
24021
23807
23214
22724
22216
22150
22007
21951
21767
22210
22222
22317
23375
24113
23414
23481
25384
25110
25569
24624
25120
24271
24230
24714
24174
24194
23829
23870
23287
23292
23105
23051
22986
22484
22458
22484
22508
22099
22166
22045
21746
21950
21692
21148
21426
21258
21024
20522
20876
20050
21006
20039
19987
19906
19732
19741
19910
20006
19159
19598
19642
19181
18832
18645
18644
18453
18608
17166
17984
17948
17384
17444
17482
17580
17933
17197
16940
16937
16868
16457
16644
16418
16425
16151
16428
16212
16108
15866
15669
15593
15578
14825
15310
14835
13551
13865
14700
14332
15043
12310
13764
13928
12500
12568
12780
12745
12576
12450
12573
12041
12164
12266
12545
11303
11400
12159
11701
10854
11058
11302
10661
10715
10859
10567
10512
10588
10682
10250
10462
10482
10348
10186
10162
10160
10013
10045
9759
9698
10158
9690
9161
9412
8875
9051
7633
7750
7357
7651
6538
6405
6329
6280
6288
6275
5662
6050
5508
5395
5301
5325
4507
5079
4207
4744
4844
4860
5390
4131
4529
4746
4851
4943
3848
4210
4185
4623
3941
3982
3477
3464
3404
3349
3198
3321
2808
2539
3138
2433
2364
2386
1618
1994
1905
1348
1395
1410
1417
1350
931
884
584
792
506
467
215
138
135
136
140
134
236
168
235
271
140
133
148
135
141
146
133
136
132
130
125
146
212
154
434
343
216
146
345
278
143
282
271
136
128
146
151
349
326
161
138
135
130
126
246
146
145
174
133
144
275
163
149
223
162
153
149
150
171
135
121
138
143
139
132
279
271
153
162
133
145
144
130
143
134
144
124
127
128
229
131
189
187
138
161
168
172
162
217
134
138
401
203
259
176
225
171
152
145
128
179
219
135
465
399
266
958
903
888
817
734
361
821
1029
1329
1290
1445
1504
1612
1710
1974
1262
1263
1078
1567
1010
1918
1716
1632
1198
1355
1079
629
596
515
290
399
442
294
224
420
384
533
636
338
907
468
530
396
239
143
132
326
147
128
133
148
133
148
143
154
156
513
505
148
460
676
2129
2099
2133
1837
1815
2047
1978
1841
1904
1451
1488
1486
2980
3271
3854
4376
4243
3531
3879
3968
4469
4558
2738
2897
3489
3548
3921
2913
2812
2704
3303
2876
2584
1648
2282
2627
2941
1598
1549
1813
2725
2921
2967
1926
1365
1456
4241
4593
5096
4385
4684
4705
4842
4922
4073
4072
4302
4379
3656
3700
3305
2885
3141
3467
4186
4213
3054
3434
3347
2771
3342
4174
4241
3160
3954
4104
2945
3246
3694
3710
2396
2516
2706
2465
2420
1828
1130
1266
1188
1188
1038
1039
1337
3000
3273
3241
3466
2237
2830
2863
2440
3330
3562
3521
3768
3467
3729
3938
3619
2625
3010
3233
3211
3660
2701
2664
2837
1648
2368
2504
1867
1949
2153
1601
1667
1830
1640
1600
1584
812
806
969
188
411
2421
1565
1570
1278
1072
676
386
379
1241
243
927
1070
698
969
902
802
2672
2030
1832
2532
2512
2469
2696
2685
2366
2829
2173
2184
2576
1861
1939
1268
1041
817
438
747
489
379
468
213
297
370
430
367
151
210
582
534
563
289
230
430
497
636
155
244
945
946
876
350
747
658
807
681
705
676
432
162
439
306
384
1394
837
649
265
885
535
1388
1374
1194
1197
1376
867
616
994
835
721
752
466
707
479
655
302
278
131
143
188
140
945
934
841
1651
1705
1158
1481
1158
1549
1778
1732
1513
1431
1220
1247
2056
1959
1908
1526
1242
1020
453
293
239
163
301
471
329
316
159
331
786
766
646
441
464
394
855
1394
1177
448
221
299
703
643
585
577
633
569
454
237
203
232
192
144
456
416
289
178
142
141
451
428
365
188
136
139
145
194
165
141
125
120
137
142
139
147
211
218
212
140
154
162
128
205
136
138
162
139
157
212
215
156
135
235
254
266
222
166
280
393
536
659
745
503
212
203
212
201
150
268
267
262
132
128
195
136
182
145
279
264
256
164
434
132
129
148
229
132
132
139
143
213
162
228
141
257
133
156
147
144
163
148
135
214
138
188
190
127
130
387
355
473
145
441
174
595
147
841
602
588
322
461
257
716
902
1303
2260
2285
2172
2377
1805
1458
1705
1845
2081
2378
2299
1974
2148
2159
852
1568
2237
2281
650
1445
3782
3804
2859
3025
3366
3606
2893
1997
1958
1800
3228
2283
1485
1642
1930
1960
2151
2844
2996
4154
4936
3401
3873
3484
4575
3150
3342
3109
3783
3668
3948
3572
3408
2381
2361
3313
2539
2304
2046
1629
1743
1871
3083
3115
1453
2001
701
1741
1961
2233
1626
1838
2027
2030
1286
575
344
224
329
266
208
230
146
195
331
142
607
415
307
330
287
388
1069
1038
821
794
688
289
128
152
452
259
168
166
159
139
124
279
696
626
253
356
150
678
491
324
226
201
291
242
310
143
161
177
322
148
289
1688
1442
1539
1419
1398
1008
893
614
1015
573
1052
1194
1066
590
392
322
916
168
622
415
168
406
512
607
644
800
404
480
141
316
485
246
219
309
167
327
221
286
341
433
585
569
401
426
695
406
873
605
549
352
169
225
134
131
260
288
350
557
556
1013
839
705
824
1079
1021
1431
1815
1344
1323
1063
891
711
1311
350
572
484
156
370
234
930
761
528
443
607
582
400
598
509
496
498
256
153
380
337
536
203
319
207
163
492
605
603
1182
140
185
846
529
540
655
787
2288
2069
1309
1293
1071
1093
1406
666
422
349
447
292
518
314
639
634
499
132
131
130
134
265
148
197
169
143
139
135
143
175
250
550
629
198
144
134
139
129
183
131
127
138
133
130
123
181
127
124
127
146
142
143
128
151
145
142
137
267
144
142
169
134
135
206
158
158
557
511
435
388
272
147
239
127
136
128
165
130
128
135
188
254
141
134
133
255
129
141
118
133
126
268
396
153
164
127
246
221
183
242
116
117
123
133
147
808
264
270
245
664
166
533
184
243
255
253
350
834
2985
1112
251
544
715
349
211
238
152
384
456
728
880
1114
885
1051
755
233
416
345
745
841
389
526
523
135
731
908
1212
699
208
439
822
1078
1195
1396
254
381
442
277
495
247
687
461
286
134
130
434
357
426
472
544
139
918
408
795
296
767
1845
508
485
1416
2433
5310
6700
6789
1891
329
137
315
306
631
755
432
190
181
201
142
130
212
447
283
164
541
434
298
562
174
271
190
358
179
196
260
282
141
