196
210
380
386
501
480
595
573
690
690
785
731
766
831
810
840
894
883
977
963
1086
1036
1144
1126
1212
1186
1213
1253
1294
1265
1368
1379
1441
1349
1451
1456
1509
1491
1579
1622
1628
1666
1739
1739
1798
1873
1901
1907
1917
1963
2015
2045
2112
2112
2229
2188
2117
2159
2220
2206
2250
2317
2362
2372
2441
2467
2500
2533
2631
2593
2694
2681
2753
2784
2840
2862
2931
2869
2968
2975
3054
2990
3049
3060
3100
3123
3171
3208
3188
3211
3310
3294
3429
3398
3509
3471
3566
3568
3652
3651
3769
3728
3823
3850
3896
3934
3992
3981
4054
4065
4175
4174
4271
4297
4364
4383
4364
4443
4390
4449
4465
4419
4565
4562
4691
4631
4664
4574
4681
4688
4823
4813
4897
4928
4984
5023
5066
5038
4998
4995
5119
5131
5223
5234
5349
5324
5382
5404
5501
5445
5544
5562
5668
5668
5723
5736
5834
5829
5938
5924
6046
6030
6157
6158
6257
6246
6310
6313
6349
6382
6385
6441
6476
6495
6588
6588
6723
6693
6809
6814
6918
6941
6999
7000
7104
7114
7213
7222
7299
7336
7385
7417
7430
7430
7506
7500
7590
7609
7631
7703
7663
7726
7769
7760
7877
7840
7935
7890
7961
7964
8014
8078
8119
8121
8224
8242
8334
8332
8384
8417
8481
8381
8361
8464
8415
8426
8515
8535
8614
8573
8663
8590
8704
8704
8759
8765
8877
8877
8985
8988
9098
9038
9124
9076
9143
9178
9237
9253
9326
9336
9435
9424
9464
9522
9446
9547
9556
9540
9602
9658
9713
9705
9809
9775
9817
9852
9923
9926
9992
9808
9925
9845
9938
9920
10011
10022
10016
10011
10097
10107
10204
10199
10262
10292
10367
10378
10446
10463
10521
10556
10629
10633
10699
10717
10812
10781
10843
10884
10950
10957
11058
11073
11153
11175
11250
11265
11355
11348
11387
11400
11491
11486
11563
11566
11651
11644
11760
11722
11724
11757
11827
11789
11819
11799
11867
11916
11906
11891
11979
11983
12082
12089
12130
12156
12256
12251
12316
12341
12408
12318
12397
12414
12499
12455
12540
12563
12635
12597
12703
12703
12807
12793
12895
12894
12989
13009
13075
13055
13171
13148
13263
13252
13351
13355
13472
13459
13523
13530
13650
13613
13681
13693
13789
13753
13833
13866
13917
13907
14019
14009
14111
14080
14188
14188
14300
14289
14377
14328
14412
14434
14542
14539
14646
14600
14718
14684
14756
14756
14880
14872
14971
14946
15033
15046
15119
15130
15192
15185
15269
15298
15378
15363
15461
15432
15537
15483
15602
15591
15706
15688
15797
15788
15838
15823
15914
15899
15979
15970
15982
15951
16070
16063
16116
16144
16234
16214
16301
16302
16382
16363
16470
16390
16478
16499
16604
16577
16662
16675
16710
16740
16773
16787
16865
16881
16919
16908
17007
17011
17122
17126
17225
17214
17308
17258
17370
17268
17385
17380
17503
17446
17545
17569
17643
17649
17742
17754
17844
17867
17936
17931
17923
18020
17945
18046
18041
18045
18086
18147
18208
18191
18302
18267
18337
18333
18385
18369
18454
18480
18524
18542
18634
18638
18694
18758
18762
18652
18751
18767
18845
18837
18848
18846
18885
18916
18885
18988
18942
18938
18967
19022
19029
19062
19066
19143
19178
19051
19143
19023
19139
19141
19136
19196
19192
19228
19284
19290
19391
19352
19390
19425
19499
19513
19573
19620
19641
19698
19704
19681
19807
19765
19883
19869
19957
19976
19982
19934
20034
20056
20037
20137
20168
20153
20188
20252
20266
20233
20343
20257
20321
20321
20367
20381
20432
20383
20386
20438
20487
20460
20531
20559
20616
20635
20721
20730
20836
20826
20932
20922
21029
21019
21123
21113
21153
21146
21247
21253
21243
21314
21352
21359
21409
21440
21461
21473
21515
21549
21543
21554
21590
21545
21628
21615
21715
21721
21729
21677
21740
21571
21623
21580
21599
21627
21669
21673
21786
21754
21842
21824
21784
21855
21881
21836
21931
21938
22048
22031
22134
22147
22243
22229
22273
22318
22292
22333
22367
22359
22382
22414
22493
22489
22563
22526
22640
22650
22667
22707
22777
22768
22843
22848
22949
22954
23034
23016
23035
23126
23106
23126
23133
23212
23119
23180
23176
23177
23285
23275
23382
23329
23383
23446
23474
23487
23578
23556
23655
23670
23760
23763
24022
24017
24136
24120
24219
24208
24271
24291
24351
24374
24416
24444
24478
24489
24585
24582
24687
24665
24768
24734
24842
24760
24807
24744
24849
24793
24840
24761
24790
24746
24753
24736
24832
24849
24910
24910
24986
24995
25064
25099
25079
25093
25183
25102
25221
25169
25231
25248
25252
25310
25293
25285
25377
25365
25455
25413
25321
25408
25365
25399
25435
25427
25503
25512
25625
25633
25712
25730
25655
25607
25673
25661
25629
25625
25707
25703
25706
25688
25762
25792
25851
25870
25942
25938
25987
26048
26060
26090
26114
26080
26085
26190
26178
26197
26243
26200
26285
26317
26368
26342
26342
26348
26440
26435
26486
26402
26390
26509
26494
26498
26368
26587
26429
26464
26491
26514
26582
26614
26696
26642
26685
26619
26727
26720
26806
26764
26744
26573
26513
26659
26600
26607
26709
26660
26704
26684
26620
26759
26707
26417
26469
26483
26445
26561
26467
26467
26616
26574
26695
26630
26687
26709
26754
26705
26672
26597
26647
26418
26504
26474
26405
26423
26390
26503
26476
26484
26367
26321
26092
26250
25889
25940
25799
25727
25576
25808
25648
25532
25431
25286
25056
25217
24220
25144
23660
23709
23306
23289
20910
21178
20674
20819
