363
670
444
543
320
316
289
222
250
362
125
403
686
427
132
129
331
228
1006
215
539
527
127
470
223
139
338
134
125
121
464
616
229
271
665
127
553
233
127
455
622
528
309
285
381
321
322
380
341
142
294
256
1316
454
831
441
912
222
299
272
275
205
258
459
351
763
569
369
426
258
234
149
410
826
751
135
128
570
272
769
586
828
197
443
383
130
426
311
802
397
441
468
178
135
664
1129
129
131
463
407
181
118
422
1767
3504
758
181
128
349
179
200
283
644
360
335
635
367
784
456
388
387
131
293
416
188
