255
133
129
155
186
188
156
159
273
134
132
131
141
140
173
146
172
137
154
150
139
145
198
130
144
266
250
130
241
140
164
155
187
245
274
172
166
149
137
138
130
140
130
264
177
128
130
134
276
266
154
179
130
183
142
217
257
168
150
132
138
162
280
129
364
289
134
264
232
126
141
139
185
133
244
132
234
129
138
135
125
156
133
233
194
146
168
147
208
136
136
129
146
145
269
211
158
149
236
181
142
134
136
134
217
135
265
256
137
133
273
176
196
182
159
144
144
149
135
178
179
162
164
132
233
143
148
134
252
242
136
133
184
127
236
131
135
134
126
131
138
142
137
132
202
259
134
131
140
135
133
180
135
152
191
143
140
154
148
175
181
133
136
133
136
138
155
136
140
146
171
170
189
176
249
139
140
139
181
134
133
224
231
206
169
133
134
257
136
132
225
139
135
141
130
133
137
246
163
136
211
186
143
141
186
127
135
210
183
153
158
133
126
138
131
137
359
143
137
138
134
127
245
253
135
147
190
170
137
139
131
138
134
128
212
139
134
143
173
138
127
142
186
135
136
133
138
135
225
218
136
231
193
137
189
141
267
148
140
154
142
213
205
237
183
228
136
138
141
150
134
141
148
172
191
142
138
135
149
238
135
195
257
200
177
136
182
132
282
275
136
233
134
126
141
132
137
132
132
132
143
186
142
142
137
136
173
135
126
132
136
133
130
140
145
173
137
144
134
135
179
135
137
182
133
138
140
152
147
144
142
154
175
132
282
270
137
134
254
259
242
153
140
133
234
126
181
131
135
234
264
151
129
252
133
144
179
147
132
136
131
140
143
164
142
183
138
231
194
195
271
260
145
138
133
133
255
146
171
133
128
174
132
131
256
267
136
141
145
184
181
133
146
142
145
138
194
146
135
137
134
128
134
129
131
144
184
139
207
167
141
129
213
133
135
133
208
134
147
141
150
173
131
149
241
127
131
131
135
132
135
132
133
251
192
134
127
137
132
134
129
139
268
142
177
137
125
138
130
148
150
144
208
201
141
248
139
148
160
145
137
134
127
228
129
201
265
123
126
139
242
191
201
176
139
132
134
169
132
131
132
137
155
231
273
136
147
135
168
135
136
140
180
126
141
187
151
136
133
181
135
137
167
143
167
207
197
143
133
147
138
147
136
128
138
136
148
155
157
139
142
138
139
134
135
136
165
129
243
228
135
144
152
133
127
136
143
213
156
167
268
186
186
143
142
138
172
152
205
181
194
148
138
267
250
223
156
152
172
174
152
137
136
129
138
132
166
243
240
130
201
132
209
251
150
132
129
231
149
169
152
136
128
144
136
214
174
269
196
218
129
136
136
247
136
139
133
139
136
137
128
131
264
133
136
157
145
157
180
158
151
138
147
146
141
143
141
155
186
179
183
254
135
130
139
138
129
213
139
152
172
149
132
144
136
126
134
140
261
136
132
268
147
154
139
136
130
186
185
133
138
138
129
132
144
183
244
215
129
144
171
134
136
136
137
131
135
135
175
299
408
378
325
157
223
157
204
249
220
301
334
205
137
140
169
132
216
213
184
142
130
131
131
135
132
143
178
151
193
149
138
130
136
247
133
134
205
134
134
137
136
126
203
134
177
135
129
134
141
171
285
258
137
126
127
132
142
180
186
135
392
321
135
384
249
135
192
195
133
134
148
136
136
166
133
164
131
135
257
179
175
171
140
137
138
265
209
179
133
133
235
254
128
258
144
133
229
186
175
199
165
134
188
232
137
136
135
146
144
166
147
152
139
176
130
194
152
137
144
134
130
134
150
178
193
179
136
201
188
134
132
138
317
192
139
132
129
136
129
184
242
131
135
184
262
212
172
138
217
151
134
143
134
138
138
140
136
180
142
144
163
253
136
131
172
140
157
131
240
263
168
135
221
135
130
216
227
269
202
138
139
198
406
419
216
132
127
134
142
139
133
276
217
180
202
138
241
165
131
177
127
142
140
175
182
193
159
137
130
426
138
189
152
257
242
141
174
131
142
186
136
244
135
141
135
130
133
141
184
272
134
199
135
131
216
223
239
241
267
237
227
140
140
135
132
133
134
228
186
258
245
239
124
138
130
227
135
145
173
162
187
251
241
219
235
269
167
132
140
238
239
128
230
127
178
177
158
196
191
234
249
206
201
143
270
426
138
134
220
134
190
231
217
193
234
134
201
286
138
234
236
132
139
230
136
217
134
236
139
409
811
222
136
126
139
137
227
239
194
277
139
138
245
238
182
252
188
193
196
153
