588
538
483
788
524
911
856
1446
1315
618
13
31
790
1121
439
374
314
699
1389
827
381
861
373
690
714
368
275
243
192
123
663
452
849
449
279
21
921
483
347
333
244
235
1135
474
391
383
319
286
133
19
63
333
815
780
745
606
326
273
294
249
356
129
170
14
782
758
621
561
567
420
406
114
317
115
8
9
9
92
8
10
138
8
12
16
8
10
42
9
8
10
8
109
92
47
514
276
179
223
392
71
64
666
464
321
6
257
337
236
194
60
703
375
105
78
338
762
589
531
504
406
120
133
314
366
7
41
588
407
470
50
55
700
558
487
358
232
142
274
37
253
376
594
346
84
10
9
8
131
79
35
228
469
789
839
744
528
400
267
60
57
619
167
293
413
392
118
194
99
512
368
233
199
134
112
119
503
366
321
191
111
87
640
588
375
172
310
425
388
173
8
288
143
173
127
178
141
7
16
69
549
398
376
478
8
9
271
460
373
89
57
202
344
65
359
595
475
79
104
175
183
363
439
9
263
462
371
68
242
290
314
332
294
296
124
398
148
56
14
246
489
408
468
274
613
606
8
220
157
88
8
105
415
285
154
240
98
90
103
117
334
180
111
56
169
8
12
79
132
594
784
188
487
676
304
254
304
148
214
61
51
99
484
477
182
8
11
737
296
93
328
21
12
511
396
663
391
343
280
52
179
97
448
501
441
439
336
152
539
519
268
223
8
7
27
682
580
460
252
719
650
487
903
962
587
650
515
547
341
255
106
77
609
71
40
254
265
299
388
476
462
397
319
259
332
322
101
8
7
8
70
8
114
8
7
8
8
12
9
8
8
8
9
7
8
9
125
22
65
115
110
81
63
51
56
10
7
18
195
128
827
799
540
441
374
222
280
409
392
200
195
102
352
385
906
812
1268
930
868
768
1155
561
354
831
652
183
232
739
648
427
80
62
235
57
11
318
568
199
230
193
90
153
226
167
218
750
681
173
341
345
157
153
31
78
608
583
130
734
166
598
444
238
75
765
377
310
367
119
252
65
65
65
167
637
638
497
577
8
667
411
369
371
113
509
468
146
35
312
537
396
582
470
253
57
266
78
594
116
294
642
637
492
371
673
1151
1082
812
816
775
320
150
101
82
374
373
243
367
115
510
19
455
67
8
245
274
422
183
87
351
511
458
389
136
298
504
266
99
758
737
98
71
8
8
808
720
34
738
718
188
408
469
243
268
513
415
280
241
217
222
370
498
403
290
373
8
8
820
353
268
76
600
467
135
441
305
224
92
389
720
754
460
587
753
759
446
540
382
402
174
146
106
68
215
688
657
427
394
337
124
10
77
121
251
81
8
843
906
642
544
422
405
252
115
248
60
582
306
775
543
624
624
297
273
70
414
288
259
8
8
46
8
9
122
31
14
129
8
9
8
9
65
8
81
8
8
120
110
10
92
95
8
10
9
9
257
540
354
7
8
194
8
136
82
21
80
163
591
519
260
265
78
94
246
7
302
165
615
300
207
225
282
282
492
203
59
620
554
546
500
398
218
144
285
632
516
87
314
295
235
85
270
153
32
71
127
137
317
331
293
255
79
68
285
644
622
43
517
247
7
366
157
623
604
312
315
385
8
518
499
394
378
7
87
259
417
324
226
461
319
404
266
297
1119
1130
1008
923
710
775
611
472
231
439
822
328
217
440
459
504
167
480
619
474
10
125
454
562
309
254
631
642
441
423
508
163
84
77
28
46
234
120
82
91
41
629
564
318
300
118
451
117
83
63
48
66
10
16
77
108
328
151
170
363
80
181
188
90
119
72
98
513
547
384
230
117
190
25
53
39
172
310
12
160
155
456
41
303
377
200
88
13
260
95
250
317
327
396
463
327
413
307
149
106
100
358
144
8
37
8
104
130
129
40
9
116
121
77
8
69
185
899
713
301
459
112
111
167
25
304
42
41
848
97
86
197
162
136
380
324
81
123
294
431
5
195
281
202
249
189
6
381
360
156
95
93
52
317
431
14
780
227
479
435
525
381
432
317
253
251
278
244
163
138
57
130
276
183
91
346
79
70
297
494
89
566
132
170
211
428
157
386
49
228
92
29
128
267
355
173
17
166
167
155
11
217
308
243
76
108
327
112
569
43
340
9
190
812
117
221
289
165
301
382
9
11
8
80
53
84
55
291
12
387
76
48
9
7
9
126
136
7
10
77
191
205
772
254
337
246
259
312
310
228
310
446
600
287
212
453
84
95
548
331
432
146
356
145
216
41
52
177
650
424
424
473
7
104
181
90
106
88
410
