556
495
371
480
451
465
442
618
552
784
432
664
1126
1292
636
385
649
607
1063
604
371
36
215
54
354
301
44
13
7
470
47
120
117
61
9
8
8
8
103
7
114
365
92
7
7
9
7
7
7
449
299
292
8
8
8
7
14
15
8
320
56
56
8
8
92
58
108
8
781
778
470
251
225
197
11
161
763
292
156
445
440
270
109
328
394
267
136
195
773
440
60
348
80
302
29
56
840
245
276
526
428
235
253
282
13
66
9
151
8
9
278
728
516
511
421
378
163
275
400
311
69
288
155
278
197
83
309
656
237
216
15
57
379
301
67
302
369
261
285
7
275
320
302
7
7
266
308
346
263
472
269
626
450
288
91
620
441
194
259
508
476
440
668
1296
858
788
482
435
159
339
882
1511
969
847
678
446
17
311
412
732
509
459
373
241
188
229
366
417
303
394
265
695
627
336
255
251
433
332
231
199
206
287
61
858
768
90
19
166
184
883
832
732
261
207
38
480
531
321
216
85
374
107
124
129
69
14
329
158
508
234
231
70
113
184
266
177
135
174
157
282
601
536
497
479
619
327
205
140
79
19
193
9
195
89
10
252
771
244
116
74
10
530
105
10
351
8
413
336
292
10
7
6
5
123
6
6
126
51
6
7
8
6
7
7
6
6
6
113
54
8
7
6
7
6
5
8
8
8
6
6
6
10
80
84
78
6
6
7
9
75
7
206
249
321
310
240
288
519
702
151
80
334
118
744
618
484
510
445
8
285
428
63
538
546
540
177
165
94
669
770
709
667
595
334
638
635
342
341
123
437
274
165
133
695
390
246
167
240
66
134
54
328
406
251
264
824
542
161
217
476
178
854
617
214
131
221
851
627
554
588
552
549
113
50
112
168
349
166
669
539
225
513
158
9
217
363
362
204
79
496
163
62
99
314
753
577
665
453
110
196
769
607
592
247
91
185
135
386
226
243
349
539
281
183
222
16
406
379
742
735
187
55
291
132
51
691
280
226
262
641
562
522
353
310
292
79
201
877
993
1369
1233
676
808
990
621
435
203
260
552
688
366
118
102
73
74
186
74
318
547
448
633
196
537
742
55
380
616
488
619
420
374
156
184
347
278
461
445
347
378
440
307
269
8
713
258
541
433
547
294
700
635
523
148
151
232
128
262
428
307
214
776
384
306
220
218
288
212
37
223
132
171
63
75
57
193
271
167
589
363
352
176
236
247
183
364
479
523
449
393
39
124
152
96
123
319
359
658
402
68
201
369
548
531
401
51
124
288
264
256
470
280
175
6
69
7
7
127
126
6
86
112
133
55
6
42
7
8
7
52
8
8
266
115
104
65
288
684
501
422
241
142
315
125
40
100
221
229
79
259
542
580
8
178
472
527
46
510
206
202
219
229
91
304
639
590
272
198
168
240
545
289
161
376
347
118
94
132
62
276
292
291
319
256
172
365
330
166
1718
1708
797
739
796
1096
1388
1395
1328
1262
1052
533
459
203
210
54
7
437
809
430
304
458
701
484
418
156
172
139
183
166
285
361
187
198
96
367
227
200
135
180
19
139
8
13
7
151
229
674
224
918
593
324
220
334
377
320
352
387
427
321
418
684
594
264
61
294
525
149
199
340
91
126
106
35
381
65
201
28
283
207
211
8
368
431
7
20
30
25
574
456
426
122
295
8
11
617
521
150
589
187
188
88
216
134
68
653
528
522
1108
1461
751
918
173
487
462
115
77
427
447
8
502
752
724
302
256
109
29
407
330
328
137
166
72
319
214
7
79
360
8
72
9
87
249
349
115
86
28
126
121
7
131
7
74
119
7
8
7
9
11
8
8
8
42
51
8
544
210
66
215
279
395
133
219
8
346
384
364
330
246
514
283
179
452
413
102
123
60
6
7
7
7
50
7
7
10
121
40
95
131
8
10
8
130
82
8
9
8
9
51
10
102
80
51
9
66
54
86
279
305
146
336
657
884
698
353
245
472
394
659
482
301
470
7
75
175
114
203
145
329
542
9
621
369
157
738
635
528
353
8
591
339
180
103
132
269
263
219
182
143
567
297
524
411
95
8
417
896
179
280
185
419
103
585
340
316
343
153
174
684
484
609
403
200
485
248
513
19
383
361
367
189
321
404
32
482
635
483
272
448
167
72
9
123
484
179
44
175
475
101
213
346
166
9
10
61
8
47
120
287
214
455
242
82
21
510
135
83
311
361
432
486
8
394
109
44
224
239
175
208
114
101
368
300
221
327
259
230
518
527
342
539
299
69
610
530
357
327
247
80
519
383
80
641
