224
365
133
205
116
12
9
118
10
195
190
95
67
112
44
163
276
152
373
309
231
68
559
157
1073
447
372
9
200
222
381
327
264
166
257
10
692
209
67
121
22
70
44
27
489
486
411
56
121
99
9
110
8
741
623
588
372
297
21
307
407
339
349
48
248
190
63
112
385
335
212
134
358
379
358
118
119
82
399
342
304
120
417
382
384
273
354
121
116
543
298
303
936
721
489
108
484
670
663
552
480
407
7
68
658
268
9
21
155
93
355
9
872
599
358
327
205
510
281
278
10
209
439
407
155
138
72
418
10
854
627
513
325
9
821
772
175
457
384
344
302
232
806
577
464
125
434
461
46
289
188
9
42
288
344
77
6
307
85
28
209
6
6
447
81
293
7
117
31
83
69
355
63
6
40
120
538
236
135
202
234
240
205
291
150
27
97
567
71
342
664
485
369
8
643
623
593
212
30
335
330
316
143
224
226
28
77
26
48
268
161
29
545
8
402
102
8
7
8
810
790
713
72
58
131
8
210
506
542
494
171
310
51
161
553
268
115
8
18
602
446
273
63
284
136
162
452
10
7
8
8
8
8
8
140
8
9
10
9
8
10
73
8
9
73
61
9
7
8
103
8
51
8
9
8
10
9
119
82
104
8
8
7
123
38
61
30
186
385
342
317
246
198
122
8
219
359
264
257
36
592
395
228
795
615
397
213
200
7
643
634
409
229
301
142
137
261
186
363
486
247
399
214
617
538
284
174
14
597
408
253
592
284
237
241
87
368
807
623
374
211
282
181
830
592
14
7
130
766
114
8
60
8
100
190
430
313
180
122
620
223
120
739
595
416
304
388
14
420
8
76
72
9
319
325
322
42
45
19
478
764
744
639
360
258
274
171
203
584
409
132
110
146
151
214
164
12
19
35
39
114
19
81
396
581
353
77
45
827
821
917
1258
744
950
1321
381
222
246
83
194
81
7
70
44
18
10
90
66
9
88
7
53
10
8
8
68
73
48
8
8
8
66
42
7
8
7
8
8
8
55
9
92
148
273
222
665
619
369
127
632
526
504
407
465
10
9
99
273
267
275
476
179
188
72
144
225
79
172
416
33
27
16
500
791
1141
852
617
381
735
699
345
426
1719
1598
1087
1246
1407
1685
1246
1090
1414
871
534
185
6
227
670
597
556
285
251
8
149
136
376
301
49
126
596
459
265
54
629
407
53
363
230
22
75
28
299
433
219
78
164
6
497
496
321
336
696
472
505
91
178
512
395
359
198
199
259
262
152
638
438
426
476
169
104
102
75
7
7
168
304
348
410
686
784
531
155
60
856
788
599
559
148
137
61
50
309
568
131
117
757
307
1167
965
870
726
719
221
692
487
404
306
164
867
317
119
613
689
680
318
86
136
263
443
411
327
115
220
826
804
757
643
520
420
186
11
95
71
8
79
12
181
217
238
527
361
100
91
70
312
316
210
68
198
886
416
251
116
75
14
447
422
334
64
293
218
204
86
600
381
322
240
51
741
447
268
254
242
515
460
297
272
193
100
100
374
132
89
125
8
139
149
15
32
215
216
312
143
135
310
241
91
8
8
8
13
53
7
135
134
153
8
8
8
8
8
126
8
8
7
13
48
128
62
9
8
8
7
8
9
125
45
48
429
440
202
288
102
296
418
487
406
637
431
442
210
627
519
126
8
304
513
270
168
552
493
10
759
673
275
267
49
136
283
222
176
68
454
669
482
525
589
126
231
256
341
177
106
132
471
60
314
435
161
131
92
189
609
533
333
136
77
835
574
950
1489
1195
554
187
59
51
609
303
241
114
87
39
557
498
485
119
690
396
344
230
153
227
186
98
104
77
522
361
23
901
373
630
260
76
655
506
228
144
372
207
797
685
40
83
73
586
310
233
38
838
581
387
730
893
837
1180
632
477
368
76
122
438
285
114
8
235
734
717
675
262
327
31
259
271
249
539
562
361
108
325
118
418
185
8
272
462
7
117
154
810
769
649
498
196
197
185
163
7
355
319
106
774
199
226
315
290
8
147
702
378
378
181
94
377
310
8
7
125
92
10
85
9
10
80
105
75
9
134
45
9
136
9
7
139
95
11
127
8
510
503
203
161
113
323
8
165
172
314
574
320
530
250
854
236
275
106
493
589
409
81
52
594
185
141
156
25
280
463
660
307
778
127
278
335
283
105
84
38
261
265
345
161
132
306
86
432
360
437
221
10
129
316
651
381
123
153
307
170
15
306
185
481
57
129
336
335
311
322
10
122
70
7
85
8
325
178
12
184
566
702
0
