241
241
151
253
337
256
175
142
407
142
137
143
133
608
550
129
384
211
142
134
128
127
116
140
132
199
156
127
115
145
119
336
229
127
118
257
121
109
121
370
240
477
389
131
124
189
124
143
123
129
141
121
124
127
444
311
445
121
129
122
139
218
478
240
193
237
138
436
264
123
425
452
143
141
122
132
461
146
192
131
131
167
124
399
263
393
290
289
390
239
131
125
377
235
125
156
115
123
202
256
282
162
392
205
124
256
121
128
129
128
125
319
435
209
190
434
352
128
258
321
276
189
122
114
131
130
178
186
126
119
117
125
120
220
134
231
128
219
341
464
126
134
152
125
268
387
431
130
129
208
119
129
180
426
472
452
325
216
424
292
203
187
126
474
410
142
126
125
422
231
244
176
237
266
121
302
156
121
140
142
190
149
201
128
116
329
124
119
463
592
128
119
147
185
175
149
430
129
128
132
165
371
302
124
124
341
125
165
210
124
123
123
127
130
122
132
167
127
129
134
137
122
127
122
133
121
119
121
128
133
366
196
126
129
119
123
127
352
200
124
119
123
119
463
130
122
458
424
309
149
128
132
157
125
118
258
124
125
125
291
410
173
183
214
115
210
123
126
123
124
121
229
209
117
173
124
418
214
474
130
257
128
126
118
329
128
424
410
132
325
116
133
128
120
124
225
119
132
351
290
162
196
122
349
200
128
121
413
121
245
249
145
124
115
251
264
127
127
124
126
125
122
132
160
125
428
307
123
383
124
216
429
194
279
124
432
163
573
279
125
122
125
130
373
170
177
132
150
289
124
123
129
126
119
158
443
118
228
253
143
272
484
361
127
127
174
128
125
461
123
124
132
117
119
322
269
354
405
453
151
124
122
181
191
128
124
249
262
165
128
120
126
343
430
280
124
242
139
122
371
289
241
255
128
318
287
131
140
288
132
115
120
131
144
122
292
124
265
121
115
612
120
120
414
449
222
180
262
136
116
437
127
285
125
118
122
118
121
128
120
130
154
127
349
331
307
238
304
174
247
120
203
122
125
128
129
134
122
122
125
338
344
128
413
358
167
129
130
215
220
125
317
129
125
133
231
201
127
128
122
127
124
415
235
126
409
422
175
127
134
123
228
249
119
115
293
188
203
125
348
311
124
389
421
257
400
554
362
166
131
123
114
123
124
162
124
124
244
351
127
125
351
124
218
121
263
121
114
121
114
127
248
429
131
118
130
128
120
361
381
168
287
302
153
457
298
121
195
122
367
121
128
361
309
319
202
308
123
326
199
353
237
186
299
459
124
331
120
123
128
202
121
223
125
344
502
463
350
166
129
119
237
192
132
356
127
226
129
125
117
436
246
236
172
418
241
153
278
374
381
141
232
421
132
125
462
446
334
124
121
349
849
334
296
190
443
396
217
127
129
135
243
236
207
125
