467
381
703
1306
1638
832
964
990
1721
1824
9650
10673
13403
13250
13251
8874
9243
9725
9777
10016
9874
10415
10992
11187
12716
5655
6901
7091
7606
6616
7855
8434
8954
9092
4645
9401
4531
4290
5433
5709
5751
5974
3941
3917
3983
3810
3222
3392
3949
3662
3580
3788
2202
2576
3334
3161
3508
3695
237
277
625
976
2412
2093
1269
2877
362
298
161
163
221
148
152
146
149
154
146
151
157
151
158
158
153
183
146
140
263
833
756
638
631
325
1012
1020
362
1547
1907
3031
3855
3787
4141
4566
5355
5518
719
1232
2447
3003
3290
3928
4561
533
1218
2064
2568
559
308
455
149
141
146
154
156
147
160
152
272
203
155
212
254
160
142
155
148
163
260
401
147
186
144
228
151
149
143
157
273
227
137
151
156
154
151
157
154
149
155
142
144
277
243
158
257
159
151
150
142
162
150
149
221
265
151
149
134
182
295
211
210
174
156
152
224
141
142
142
278
264
203
263
145
143
157
172
150
150
156
236
189
176
160
214
160
240
188
156
141
225
156
147
343
149
158
253
150
143
233
157
140
162
189
145
142
149
148
167
221
164
146
221
147
192
171
399
510
303
366
340
258
158
179
248
152
148
149
185
137
142
335
492
235
511
362
240
157
870
924
1266
1188
790
643
1230
1187
1201
1215
521
222
410
658
456
439
247
338
478
892
892
638
529
518
294
556
1568
784
597
728
417
193
212
799
197
494
415
365
168
748
1472
506
778
321
781
442
778
179
355
314
316
188
216
259
582
428
318
202
262
177
138
180
311
417
162
483
347
418
583
370
1059
1323
1240
637
940
1149
1230
702
448
304
176
165
268
1083
1158
829
762
2243
2551
3084
4144
4533
1149
1393
1812
4306
4380
4604
5552
5929
6380
3291
3754
3845
4461
5276
5737
6365
6645
7549
3400
3660
4079
4815
4837
5296
6108
6184
3246
3450
3339
3932
4238
4319
4360
4686
4728
2266
2964
1930
3131
1763
1702
1649
1422
1185
495
449
429
350
160
187
151
192
240
151
205
267
159
147
153
152
147
150
151
153
156
238
155
149
145
157
225
155
143
150
142
151
263
148
155
179
141
507
496
965
1208
1415
1431
1683
363
2345
2585
2644
2915
3008
1890
765
1525
1526
1450
747
656
242
201
428
1516
1078
1018
927
913
622
348
551
279
436
230
712
660
385
494
719
391
202
349
253
171
289
256
265
175
142
140
184
238
140
331
229
430
409
186
358
162
276
402
454
472
368
352
899
899
861
203
191
216
457
464
394
243
307
253
649
519
670
642
825
229
489
140
269
145
149
280
246
150
218
287
443
430
761
848
566
745
845
884
1078
237
280
290
165
375
354
250
162
147
152
155
154
217
358
347
302
150
143
355
362
233
650
471
829
1263
1210
729
589
387
1183
812
231
299
206
872
3378
3676
3755
2371
2972
3096
3408
3761
3774
3701
3819
3987
1415
1289
2625
5555
5969
6673
3912
4638
4892
5304
6363
6528
7731
6776
7844
4354
4505
4739
5100
5608
5711
5930
6321
4327
4495
4708
4741
4529
4105
3913
3150
3473
2992
3626
1149
1968
3524
2214
3394
3558
3652
3746
336
713
762
293
534
486
751
363
280
899
365
1123
890
516
467
379
763
1344
1533
1789
769
797
934
559
540
394
251
507
381
522
269
643
353
1013
475
642
918
349
187
478
273
1063
772
744
730
215
857
1132
3318
3436
4586
4800
1418
1596
2052
2300
2512
2548
3118
3813
3795
4140
4925
499
864
1260
1937
2278
2284
2330
351
420
280
162
557
434
320
521
607
279
329
258
405
190
176
269
321
235
229
229
227
271
406
423
193
432
477
552
495
303
547
727
1391
2222
2626
2690
2808
3421
3724
3989
745
1412
1280
1423
205
444
702
885
724
858
993
142
953
1187
1969
2070
2235
843
1340
2293
2730
3373
1104
2049
3285
3311
1768
2648
2868
3998
4094
4519
4965
5114
5508
5749
1777
1998
2132
2997
2893
3460
4680
6372
5779
6427
6946
1596
1831
2493
3120
3629
4343
3724
4446
4827
1056
1252
1797
1785
1920
1996
2939
2907
3297
2233
1209
1018
1015
1066
783
781
836
459
629
326
223
188
164
283
162
234
208
160
295
284
673
713
507
1575
1232
1097
1459
1489
2386
2728
3381
3492
3906
3889
3901
2380
2530
655
631
575
1070
1154
1112
879
1180
1243
1346
1031
1119
1422
917
524
203
583
212
780
1270
1432
880
880
830
428
199
369
270
745
616
456
619
999
991
1611
1652
1583
171
547
535
3411
3031
1927
233
591
1825
500
613
597
327
250
245
579
347
679
293
550
237
191
551
457
213
296
298
1029
1541
1173
345
296
400
485
187
295
173
508
464
180
375
281
381
354
572
344
206
408
209
315
195
462
153
148
145
978
638
991
2146
2136
773
655
360
163
188
223
325
319
228
579
1037
1720
1836
616
1453
584
399
309
664
476
2266
2215
220
467
505
415
2113
1561
229
2333
4095
913
215
241
194
254
652
526
299
1207
288
497
204
348
342
362
200
522
195
1056
898
531
302
294
231
324
641
638
490
766
2090
2427
1521
558
405
591
403
363
576
628
