383
742
558
640
919
362
1411
2215
1824
1063
1303
2096
1279
1503
1695
327
274
536
554
786
642
441
812
1166
810
1262
886
698
279
256
204
486
840
190
473
639
160
944
1486
1646
3038
3646
1888
294
267
476
437
401
344
230
271
277
274
801
345
539
172
509
487
637
760
332
442
595
501
260
893
808
187
153
212
216
148
147
166
259
240
279
147
264
151
150
290
272
287
155
156
290
168
167
279
147
162
159
265
163
252
164
214
249
154
237
157
268
160
150
262
394
218
174
158
165
168
172
154
162
268
290
251
154
159
152
149
148
235
232
152
208
151
578
525
1051
942
500
434
392
241
202
155
393
244
499
629
727
935
1225
963
2603
2827
2927
3063
4414
2102
1932
2372
706
2458
4260
4481
1971
5140
5232
5661
6449
5102
6078
6349
9013
9239
7935
8189
9061
6842
7255
8130
7635
6620
6677
7309
7662
5060
5507
6592
6735
4643
5054
5717
4486
4751
5306
5877
5062
4979
5188
4637
5145
5320
4923
5749
5720
3469
4477
4776
1620
6462
6555
8002
7846
4392
5309
5933
4985
3648
2637
3289
3052
2801
2865
4473
4872
2191
3734
3870
3608
3477
3318
3482
2010
1897
2536
2836
2610
1227
1467
846
1990
1451
2593
2624
1624
1939
1742
1930
1559
1164
1212
1433
2498
2783
514
2269
2353
3928
1330
2810
3053
3069
3258
2603
2279
1731
7409
3539
5432
5477
6089
3592
3610
4565
6916
6599
4043
4770
5394
3229
3458
4649
5128
3839
1791
570
1496
869
2516
2903
3252
4346
4207
4408
2810
3095
2783
2496
2727
688
488
1085
1855
2097
672
952
1078
625
1175
670
286
173
179
215
392
394
272
151
167
177
254
258
159
145
154
232
171
157
163
242
148
160
191
147
158
180
164
268
153
265
186
278
192
199
156
163
167
161
163
231
156
277
151
149
199
151
217
201
284
325
279
234
240
157
158
153
155
278
208
155
153
156
159
342
158
233
164
191
155
154
152
199
151
158
151
154
151
251
369
181
430
228
502
1539
2189
654
220
267
146
207
234
632
696
665
1062
1356
1426
3174
4296
1292
1754
1649
1803
3362
1356
1138
1102
790
188
387
549
706
1092
1552
251
331
1791
1955
2127
1120
1642
1849
2169
2870
1001
2942
3400
643
889
1117
2128
682
155
637
601
935
326
417
371
436
150
329
201
410
323
318
818
411
485
340
582
593
836
366
153
449
927
730
1166
1227
532
512
252
815
548
568
810
431
865
520
306
628
653
358
150
151
961
706
1125
751
1588
1427
1391
1107
600
758
993
663
470
233
771
664
517
275
810
593
874
750
1593
1325
4994
5971
6073
7050
6245
6406
3998
4089
6017
6458
2290
4168
5255
6082
2615
3225
3352
3556
402
539
365
456
1049
382
227
1315
1778
1783
2106
2713
1670
4275
1172
1264
2202
2232
4751
1180
1340
1741
1569
979
276
245
272
215
208
142
235
320
425
554
695
181
178
149
260
190
159
155
144
136
153
261
152
152
223
247
268
176
286
216
154
147
146
191
229
283
163
199
150
145
158
177
243
265
233
157
140
154
230
150
154
288
228
189
279
287
347
194
264
232
198
159
185
466
167
155
160
150
264
156
842
562
311
457
378
861
470
439
956
814
308
445
703
243
226
240
444
373
150
156
291
510
212
1413
637
937
664
612
254
919
843
658
267
237
1006
387
186
1667
802
413
413
1018
1020
1612
1488
238
852
703
534
935
689
185
188
237
482
461
1154
826
861
1100
605
575
816
458
251
1174
445
495
2238
2111
1408
1719
1870
1894
1976
763
172
1262
498
317
444
601
368
819
272
323
750
966
1054
832
949
830
320
713
639
308
279
292
1297
1261
1591
2024
2264
1079
897
620
613
457
619
240
1005
1137
1003
415
391
517
678
382
421
288
341
390
2046
2963
2575
3216
3541
3707
2419
3079
3200
1487
2270
2576
1452
155
403
403
357
560
649
823
259
247
364
187
316
275
283
314
253
365
236
155
155
339
168
183
317
149
152
153
142
174
172
219
242
168
269
299
386
152
149
321
245
276
461
239
156
280
145
149
149
158
151
148
152
250
229
152
153
211
157
144
149
227
265
145
181
157
229
155
297
411
994
556
617
320
231
552
352
454
1266
1152
1032
786
552
402
318
632
500
609
714
549
611
385
386
229
640
375
854
378
389
557
271
1779
1567
1799
786
537
1339
353
175
2045
2717
2394
1805
459
331
452
302
206
271
570
473
676
288
338
334
408
306
256
492
556
216
776
1178
315
2700
2137
1374
708
231
249
1143
1661
2481
3037
424
466
226
168
142
274
171
154
262
188
208
231
146
157
152
147
155
196
168
150
256
229
154
225
147
288
295
213
211
267
223
158
205
159
272
252
258
199
348
277
249
232
297
354
262
384
564
1271
4368
4744
233
396
4536
4670
4867
686
1190
1330
1436
902
864
269
285
426
350
595
147
1686
1121
489
408
507
514
238
171
403
955
286
625
291
139
393
396
181
788
766
292
288
260
223
226
254
222
262
252
194
213
256
133
337
885
591
169
155
187
