417
198
658
330
185
269
232
37
31
125
15
9
316
94
433
348
10
74
49
47
58
331
368
15
103
245
11
348
256
93
79
48
27
12
178
198
181
231
222
43
15
184
317
172
21
23
119
13
23
11
52
86
79
108
170
313
506
536
234
10
15
15
10
69
11
9
10
10
11
9
10
74
57
11
40
23
97
97
113
151
284
87
75
159
15
30
27
56
14
38
186
18
33
231
75
10
18
9
59
458
156
339
295
540
143
146
47
53
437
459
235
320
580
608
13
12
11
12
40
22
11
10
10
11
183
26
289
42
93
307
431
74
19
69
11
10
106
14
139
105
15
16
11
11
46
10
231
258
59
33
27
12
63
129
10
210
223
221
51
48
91
54
201
31
14
10
246
50
137
18
11
23
50
96
12
14
215
77
171
65
29
16
463
331
22
20
15
16
11
67
19
15
229
98
92
89
17
15
23
17
39
16
17
87
12
422
301
364
171
17
87
173
21
16
25
114
108
34
24
117
112
19
195
413
87
36
17
16
233
167
37
45
11
22
23
14
12
17
91
10
271
247
14
81
12
12
21
13
27
14
28
10
9
89
318
295
38
30
14
15
12
27
13
140
14
16
11
16
20
33
10
8
12
18
11
19
73
35
15
20
13
17
161
67
311
222
253
285
146
17
93
125
91
102
30
20
121
23
60
13
14
35
271
124
16
18
10
16
169
28
205
17
36
91
393
33
206
82
18
452
15
313
16
10
23
15
33
183
177
128
18
120
10
11
202
79
248
94
131
155
20
24
72
113
80
45
51
1319
216
756
1584
1660
2489
396
1234
1242
378
465
121
84
54
112
11
12
32
13
12
34
10
10
21
13
14
13
85
83
146
16
15
12
23
184
40
14
12
16
84
15
22
38
218
14
87
141
56
8
16
506
325
38
11
17
14
66
21
16
24
65
24
23
12
19
177
138
16
11
29
13
14
121
89
27
180
8
22
9
220
108
164
295
532
112
28
34
49
16
13
70
53
93
155
213
18
8
109
10
218
131
205
429
606
807
301
238
15
448
234
68
129
74
268
382
145
17
12
34
16
19
174
74
25
72
12
57
17
155
433
185
393
388
632
259
36
333
156
10
99
231
190
10
11
129
10
12
250
73
171
103
132
162
51
21
15
10
10
260
11
71
12
334
116
173
11
11
11
230
112
11
52
62
71
12
11
13
135
97
232
377
1448
165
549
663
1532
1764
92
106
712
1134
2322
2670
454
543
815
1272
1755
1870
2090
342
566
158
198
87
179
257
222
30
10
10
16
16
13
15
16
23
292
598
41
15
10
213
103
14
21
319
112
14
98
14
14
87
193
165
185
30
12
34
19
12
24
34
567
218
143
343
381
149
160
100
11
30
20
17
49
115
23
22
13
135
121
241
18
15
52
46
15
28
11
113
103
64
25
171
20
10
10
14
356
158
228
100
11
10
67
24
23
72
259
281
12
14
87
257
27
16
79
50
127
67
41
15
32
127
56
46
11
110
16
486
22
15
28
196
84
20
128
233
115
158
312
392
455
553
665
96
13
237
251
28
11
132
10
10
23
292
83
111
11
9
46
61
177
209
482
686
71
14
10
119
32
12
52
83
33
141
80
61
40
225
13
255
148
15
124
48
13
38
15
188
191
24
10
50
19
39
24
13
15
25
174
12
24
19
32
34
13
115
17
20
22
16
30
99
9
38
12
22
10
12
27
61
15
14
10
14
13
10
30
328
30
15
9
10
33
18
12
43
40
23
19
13
20
179
146
162
155
97
19
12
15
401
330
229
141
187
139
193
283
378
535
546
57
38
185
282
162
32
25
38
173
197
12
129
13
17
69
9
175
14
169
126
10
16
41
248
12
27
27
19
81
28
15
16
31
88
69
15
173
176
172
180
44
37
11
11
22
27
18
15
8
49
184
55
162
225
52
22
166
28
21
144
16
32
10
9
118
16
19
12
11
242
78
344
14
47
26
9
11
10
17
13
81
15
18
54
96
19
47
168
11
320
19
25
18
9
175
47
66
29
59
8
207
10
11
225
10
13
17
40
70
231
14
21
67
27
30
37
28
190
23
83
51
11
15
16
32
10
187
39
138
12
195
26
12
47
140
62
41
22
9
27
11
9
10
154
13
13
87
113
90
12
123
126
23
121
12
13
125
16
174
14
75
188
152
15
14
96
216
159
28
17
13
119
12
198
11
35
24
275
49
215
19
86
62
87
183
66
131
30
49
12
12
19
17
14
155
427
37
965
10322
10266
3170
4851
7492
8727
99
1507
1169
15
41
63
