686
380
446
341
372
349
371
327
447
443
412
324
373
303
416
347
324
327
400
305
459
410
372
325
363
302
393
464
458
440
325
382
319
411
417
329
420
372
420
443
332
352
331
449
410
424
406
432
448
388
317
323
411
330
460
323
335
323
319
373
300
383
319
332
354
460
439
327
332
398
421
305
310
461
403
355
458
333
437
314
464
460
429
350
389
383
401
308
303
640
341
335
332
428
321
301
442
332
367
316
404
339
345
333
313
449
308
332
451
378
420
372
334
319
314
304
310
450
381
325
427
383
405
424
323
357
395
344
331
437
407
349
369
327
422
418
400
334
371
367
304
444
427
335
430
379
324
306
337
429
461
467
401
462
425
381
309
309
397
326
471
368
328
409
317
315
315
338
372
434
452
453
308
304
429
345
447
362
400
345
463
324
394
461
371
383
338
448
439
305
337
380
316
312
339
432
332
327
422
442
335
341
341
405
470
412
456
401
395
331
426
326
471
417
462
613
377
323
333
442
439
342
456
413
392
387
350
403
387
363
333
372
437
417
443
335
389
314
382
416
426
379
463
466
441
382
325
391
390
453
