768
720
375
1267
659
1478
2550
3619
4842
5874
11259
10133
10234
9177
8853
9189
9836
8571
8997
8556
8495
8461
8212
8318
7893
7776
7468
7794
6922
6215
6222
6583
5981
5716
5723
5929
5203
5384
5013
4992
5194
5094
4747
5108
5219
4826
4840
4930
4192
3926
3662
3634
3380
2500
2453
1793
2152
2752
919
1298
300
144
142
150
262
235
199
192
147
174
197
168
146
138
156
154
175
281
325
166
264
160
153
1479
1119
2612
3653
3986
3261
3374
2892
3566
4205
2790
2103
1846
2366
1693
578
940
372
173
458
384
431
1412
1294
1643
1894
706
1075
1981
1921
918
1889
1361
1495
2253
2171
1709
2733
3196
2485
3391
3024
3306
4765
3671
5310
5472
4697
5028
4605
5235
5201
4996
4211
4211
3961
4083
4011
4670
3871
3783
3770
4749
4734
4439
4522
4278
4559
4527
4054
4423
5505
5055
5404
4505
5113
5109
5060
4950
4433
4888
4987
4341
4336
4361
4121
3741
3281
2873
2696
2600
2410
2433
2142
2050
1220
1039
617
1016
1600
4048
5024
7064
6629
6642
5952
5657
6452
6387
5461
6006
6451
5993
5904
6370
6443
6504
7329
7915
8929
8411
8599
8629
9196
8952
8036
9885
9507
9190
9397
7808
9903
9968
9424
11635
11714
11543
10543
11470
10929
10702
11166
11401
11346
10991
11706
11307
11418
11510
11899
11643
11613
11455
11308
10966
13945
14949
14220
14294
13950
15244
13835
14116
13224
13348
13719
12526
12020
11966
11261
11417
11930
11071
11092
10852
10969
12220
12440
13745
12509
12712
13130
12030
11765
12228
11442
10990
11166
10572
10447
10195
10296
9944
9618
9756
10311
9381
8879
8543
8093
8067
7801
7839
7734
7765
7240
6910
6851
6946
6620
6700
6441
6114
6505
6130
6121
6358
6495
6188
6106
6120
5846
5905
5916
5584
5694
4781
5303
4823
4781
4495
4387
4383
4257
3904
3572
3755
3362
3558
3365
3293
3115
3300
2973
2845
2527
2507
2546
2636
2842
2659
2616
2510
2343
1745
2370
839
535
756
631
502
311
240
228
141
149
144
140
252
210
233
259
803
1566
1504
424
571
546
327
163
341
344
661
250
228
731
679
1023
1195
1502
2071
2352
2682
1932
2105
2634
1716
1547
1550
1821
1702
2609
3052
3388
3553
2546
2867
3389
2049
2325
2554
2388
1470
1498
662
2271
2710
2174
2306
1600
925
2895
3917
3010
3048
4548
2630
3603
4797
3375
3214
2969
2895
3104
3125
3209
3766
3537
3583
3472
2348
2560
2568
2694
2736
2959
2283
2187
2103
1673
1235
1255
1216
614
191
308
544
327
805
754
858
1741
2806
2837
2554
1723
2054
2467
1394
1049
609
841
1372
1190
1132
543
225
214
264
333
236
162
163
350
395
400
2309
2125
2416
1837
1821
1906
1569
1581
1369
1262
1999
1604
1130
1750
1525
1474
1200
1165
892
182
635
313
639
327
637
566
649
423
1015
882
695
584
309
557
839
789
366
322
752
503
550
414
481
647
521
907
830
694
555
368
742
1690
1543
1998
1008
967
596
722
1363
1253
1124
1168
760
332
607
379
524
465
586
282
367
232
176
813
729
515
260
358
249
380
548
1404
1210
777
384
335
184
1197
1144
844
629
499
413
543
526
503
524
645
485
553
913
2116
1499
1603
1125
1566
1566
892
925
813
1458
944
823
158
521
137
145
152
239
188
176
226
218
149
162
159
137
245
137
140
161
144
154
222
145
172
268
150
190
152
196
145
229
403
248
363
450
300
363
628
484
396
813
1061
798
841
648
285
192
908
788
380
975
622
948
326
226
163
885
540
208
150
351
309
468
459
628
417
513
622
752
334
166
1730
1573
3697
8825
9382
8102
8145
10710
11474
10775
10802
16548
17643
19732
18723
19414
19538
20489
21044
20807
21292
21627
21899
21959
23328
23402
22611
22693
23033
22823
22504
22980
24590
24773
24493
24565
24818
24629
24729
25106
24550
24376
24474
23908
24291
23535
24122
24565
24354
24683
24782
24224
27828
28885
29166
29299
29028
29165
29135
28815
29252
29571
27263
26934
27359
26504
27713
28022
27063
26664
26909
27306
27209
27415
28015
28609
27905
28266
28461
28263
29850
28720
29622
28459
28499
28518
27928
27849
27946
28174
28182
28080
28156
27511
27486
27083
27066
26972
26932
26947
26905
28160
27999
27705
27678
27730
27738
27555
27541
27224
27124
27043
26756
26732
26756
26557
26311
26214
26331
25756
25617
25251
25303
25541
25110
24912
23766
23508
22512
23884
21710
21804
22489
21522
21163
21139
20676
20678
19517
19767
20697
19190
19082
19025
18249
18216
18362
18391
18315
18037
18746
18132
17698
16682
16840
16731
15952
15360
15920
15292
14506
14980
15211
14558
14263
14344
14223
13502
14077
13330
13438
13227
13196
13308
13147
13105
12689
12777
12284
12885
12615
13017
13734
11689
12843
13123
12805
12384
12310
12807
11891
12010
11200
10950
10427
10603
9770
10425
10606
9734
7930
9099
8889
7976
7798
7053
6833
7147
7455
6982
7207
7065
6650
6491
7073
7161
4967
5059
5530
4929
3675
3713
3353
2167
2476
3576
938
195
197
296
323
249
230
181
818
718
188
262
310
427
1208
1455
2317
385
916
434
1016
352
322
722
417
1749
3489
4282
5770
4273
3867
3322
1525
1754
1866
1259
606
1264
1444
2032
2660
3167
2224
716
157
188
225
537
354
366
353
389
196
316
451
556
426
1061
2046
2176
355
576
614
922
5046
5231
3277
2913
4019
2038
2306
2432
1443
1339
459
266
685
414
436
172
239
299
239
268
293
277
185
206
306
171
246
218
141
212
227
285
187
259
252
392
224
275
366
187
498
223
445
266
257
150
385
1072
426
181
174
336
165
162
1203
151
156
1268
