335
191
460
561
528
555
543
441
427
461
511
509
532
540
531
573
520
592
514
504
449
474
387
483
426
403
386
362
270
406
322
248
164
164
149
147
171
179
192
177
173
165
210
199
194
144
140
167
188
181
168
139
163
179
218
235
234
238
257
255
336
335
331
242
274
260
285
314
180
169
146
148
133
135
160
191
215
197
185
206
234
238
251
258
247
252
297
310
340
357
338
306
387
395
406
378
312
375
400
375
301
346
394
204
253
220
269
241
260
151
177
220
243
240
250
239
212
220
249
259
384
329
318
333
274
319
351
390
379
229
250
222
254
248
185
165
161
151
153
153
154
164
169
186
174
187
175
167
151
132
171
166
174
189
218
228
257
248
230
227
292
255
262
243
218
219
203
193
237
195
252
239
270
285
285
292
365
306
246
261
216
207
277
268
189
191
177
175
162
135
163
158
185
182
184
197
264
264
158
171
147
142
153
144
136
118
107
107
138
134
121
124
157
159
156
159
149
140
141
144
148
147
132
149
146
146
143
134
136
126
119
144
137
144
146
138
144
143
137
158
161
162
159
146
145
164
177
181
179
174
140
146
163
175
186
186
212
211
218
220
215
219
245
223
243
242
266
213
229
239
253
212
209
206
206
163
131
120
112
140
144
143
142
143
141
128
128
132
164
171
175
175
204
189
176
178
190
133
143
148
160
165
167
181
179
165
162
151
142
124
129
145
149
150
147
157
158
198
191
203
191
183
157
141
123
128
139
129
140
140
110
110
124
114
131
129
138
134
147
182
201
205
191
193
213
267
201
227
235
210
263
299
285
283
269
305
313
277
361
337
281
342
392
405
203
228
202
244
204
200
270
137
155
160
166
156
153
167
170
175
198
195
182
178
173
162
128
137
144
141
135
135
133
127
138
157
160
160
156
145
141
139
131
138
138
138
155
161
151
144
138
140
149
147
145
130
131
143
153
160
155
150
130
126
130
137
144
153
154
128
126
141
145
158
164
149
135
135
131
137
135
129
184
187
188
181
136
117
127
157
176
183
176
181
184
194
147
166
177
205
209
201
196
231
204
238
164
156
153
169
185
197
218
223
231
264
286
314
314
328
222
224
228
224
247
255
300
151
120
120
128
131
125
141
143
141
153
157
157
177
167
168
193
187
187
240
244
186
227
198
144
136
127
127
141
145
148
142
144
131
146
163
163
164
152
117
117
149
148
148
143
180
192
180
173
168
178
135
134
132
165
169
178
205
210
216
233
214
226
159
165
165
166
162
134
129
137
134
137
145
175
169
172
168
123
118
152
151
181
177
187
183
178
167
134
171
183
188
184
187
180
167
145
143
144
148
155
153
124
124
130
128
127
135
132
140
140
141
130
116
128
147
161
185
169
170
206
211
207
216
219
199
229
272
294
264
194
194
218
229
259
274
256
227
285
303
280
212
210
232
216
217
240
241
285
224
296
322
313
328
294
248
268
221
161
159
160
149
142
137
140
136
131
142
144
140
139
140
133
127
153
149
151
194
205
198
218
195
209
229
187
178
175
147
147
149
136
139
143
145
133
133
129
130
170
180
197
185
185
178
190
161
153
157
162
176
169
176
167
162
143
149
148
196
195
204
176
176
175
187
144
137
138
125
124
143
153
149
142
147
145
145
144
139
112
112
134
127
128
140
146
151
142
138
143
138
139
141
150
144
141
166
179
186
212
225
226
236
222
211
185
166
164
149
145
148
164
172
164
159
134
129
120
120
123
118
113
126
125
122
154
173
175
171
154
138
135
138
147
158
164
192
189
190
182
145
142
133
135
136
138
140
132
115
124
150
138
144
150
148
141
169
166
164
169
158
144
145
146
140
136
148
148
155
155
156
149
138
140
131
142
140
140
135
138
137
139
140
137
139
131
135
139
134
134
134
143
143
146
134
126
154
152
152
150
132
138
144
145
149
134
137
143
136
133
135
140
138
135
163
139
150
139
138
140
142
139
138
138
138
147
136
141
133
134
124
142
129
139
140
