451
355
348
384
324
370
315
303
324
349
352
331
374
408
513
697
991
709
706
330
377
524
384
316
319
306
316
301
302
313
313
325
321
338
347
335
323
360
350
357
677
696
484
667
629
673
692
640
583
580
948
1211
1170
889
1046
812
818
1408
1408
1278
1204
1020
1038
1131
1192
1106
1121
817
561
543
669
705
899
723
755
734
1129
877
1135
1008
965
987
1264
1218
1378
1142
1110
1102
1293
1356
1332
1286
1270
1331
1304
1649
1276
1104
1239
1166
1192
1211
1422
1279
1210
1200
1060
1262
994
1167
750
884
1108
848
1076
860
891
876
1080
1114
1129
1049
822
860
727
678
382
374
414
358
378
334
335
343
349
346
352
384
336
339
359
417
413
428
455
493
509
517
394
444
411
360
377
347
341
344
327
321
322
374
423
434
474
481
492
591
678
691
663
647
623
741
867
835
874
674
653
444
315
444
330
341
349
326
320
329
376
362
485
484
519
504
417
396
449
507
332
334
376
381
398
424
430
458
482
532
520
533
544
520
738
562
500
491
489
498
598
453
384
376
333
319
315
310
411
364
327
331
323
309
309
312
394
414
443
439
427
433
391
322
360
303
313
309
306
299
305
308
322
332
344
329
345
317
310
317
341
366
337
401
385
371
385
344
353
342
325
319
322
330
334
351
350
346
343
403
349
392
350
358
393
363
358
350
371
380
394
396
436
392
333
324
321
329
321
313
326
321
320
308
315
366
372
403
414
397
331
461
328
433
464
316
302
316
321
319
355
337
756
743
653
466
845
816
573
371
396
344
395
415
450
465
540
496
435
418
380
357
370
363
392
431
488
449
490
463
554
492
403
371
408
356
358
345
348
355
339
359
1126
1102
1028
1017
997
880
604
557
459
410
518
823
823
768
646
774
684
738
734
1141
1282
1104
1035
994
935
771
639
639
627
624
559
608
608
645
401
386
374
372
389
352
359
358
369
404
357
381
348
349
335
343
365
346
387
345
353
373
368
361
389
393
349
359
342
338
340
336
355
332
334
335
329
339
315
335
365
399
390
487
405
376
371
369
398
389
390
423
388
399
328
340
382
422
393
442
462
487
593
475
660
465
458
399
373
364
366
368
382
386
428
445
522
496
534
512
540
581
640
399
374
374
359
459
458
454
483
512
529
562
726
520
591
588
626
697
862
685
548
468
537
739
371
437
460
482
487
489
512
670
677
446
754
481
380
446
411
486
557
540
552
614
647
720
543
596
619
667
634
767
900
897
969
841
802
885
1066
1058
638
1080
690
750
764
592
570
502
535
568
573
639
692
720
913
1008
1044
851
624
586
605
790
754
729
586
829
738
543
781
535
404
461
433
526
562
436
821
584
613
565
595
557
759
589
531
572
708
593
549
617
664
428
509
503
363
353
2199
2080
2020
1616
1537
1422
1571
1078
1187
1350
1097
517
605
959
804
606
761
845
726
553
544
530
470
491
518
3848
3870
3540
3533
3481
3406
2890
3070
3044
3129
2684
2884
2446
1994
2077
1996
2114
2369
1841
2321
1770
1739
1805
2104
1353
1801
2129
1487
1693
1570
1660
734
1592
727
730
813
810
693
843
776
724
691
518
392
411
390
379
419
357
399
659
578
439
442
451
468
689
693
661
680
581
519
332
340
335
365
348
355
372
5607
5634
5542
5759
5794
5429
5744
5683
5804
5611
5532
5533
5785
5726
5503
5599
5661
5528
5692
5457
4676
5188
4703
4635
4900
4887
4612
4846
4227
4616
4345
4232
4334
3861
4360
4332
4123
4135
4089
3687
3687
3853
3870
3560
3154
3318
3492
3382
3387
3368
3453
3312
3282
3156
2782
2941
2600
2727
2762
2703
2824
2824
2785
2837
2692
2855
2747
2701
2680
2599
2470
2326
2425
2454
2408
2497
2244
2150
2209
1928
2059
2147
2183
1915
1823
1757
1783
1894
1304
1372
1291
1292
1111
1023
810
1047
872
1025
969
1069
912
1182
919
724
922
766
634
741
660
679
611
569
638
706
668
534
681
713
424
490
451
446
392
397
359
337
380
345
331
328
317
308
319
295
310
310
363
355
341
362
428
334
319
312
314
325
307
313
371
371
388
408
407
371
398
432
315
311
311
317
332
327
314
320
321
326
328
328
330
320
321
333
321
319
326
307
308
347
317
317
315
522
413
515
681
417
332
337
312
309
2152
2089
2036
2274
2502
2693
1976
2158
2227
1882
1858
1907
2168
1482
1551
864
1382
831
962
987
316
307
316
337
307
333
311
301
297
304
309
314
295
339
344
322
319
306
295
308
358
322
326
295
297
5118
4903
4488
4370
5234
4683
3514
4422
2967
3447
2904
2757
2873
2757
1908
2479
2753
949
1193
1081
841
870
687
709
344
665
322
308
300
317
296
305
292
312
299
305
4193
4170
3796
5283
4934
4093
3714
3366
3676
4029
2902
3010
1794
2655
766
1269
1943
2252
372
942
347
319
295
7737
7993
8053
8591
7783
8202
7981
7796
5010
7675
7318
2328
840
376
595
587
301
1617
413
438
409
374
