473
773
662
315
307
418
232
187
237
130
134
139
142
148
124
130
127
128
295
279
228
262
219
155
174
151
135
214
158
123
180
259
138
121
167
177
468
233
206
268
233
220
190
189
147
135
259
227
137
129
135
142
130
133
140
130
250
169
192
132
126
1147
718
320
229
128
200
337
584
149
123
126
259
298
135
240
260
129
362
357
125
127
196
127
213
217
132
291
364
207
129
190
234
403
361
166
151
165
172
293
367
368
134
130
148
250
134
181
131
129
131
256
132
138
159
148
242
243
207
132
134
134
123
139
130
217
252
276
169
145
193
177
130
171
138
133
130
491
276
192
222
182
253
298
188
206
132
181
261
245
180
165
130
132
135
177
133
167
173
139
207
182
239
179
186
835
388
276
129
133
128
156
244
215
180
163
138
129
130
130
266
271
132
232
252
190
171
509
329
136
179
234
147
129
129
172
189
248
129
156
230
125
257
123
134
143
132
242
201
244
237
134
127
142
126
220
146
129
165
139
184
190
133
130
361
142
342
520
262
264
163
232
135
260
277
131
233
129
255
127
204
247
422
348
240
274
131
138
268
145
135
142
166
130
230
358
555
308
138
148
130
130
133
130
125
132
161
241
161
263
292
132
131
172
667
607
491
390
474
306
130
135
127
210
232
289
129
185
179
145
213
131
273
171
136
133
134
130
132
126
308
337
288
158
139
175
131
240
139
145
591
533
423
354
136
166
131
142
130
129
233
279
129
131
705
555
334
443
238
145
315
364
455
346
140
134
136
151
135
124
136
138
133
132
134
130
131
231
152
268
260
139
244
126
137
201
221
260
247
132
222
131
143
215
130
330
129
586
297
439
190
293
184
131
131
128
129
270
174
135
134
174
126
143
130
123
135
158
178
139
129
123
131
129
200
192
135
231
135
316
433
387
197
454
439
439
233
212
128
130
190
179
215
131
130
148
184
158
214
303
230
232
190
136
129
144
185
150
127
139
127
253
245
147
132
181
132
130
129
124
125
129
232
133
129
134
148
131
125
131
255
346
316
254
166
131
257
154
145
135
224
134
183
125
126
131
137
146
132
131
569
245
158
123
129
160
267
136
447
376
435
306
343
300
456
182
204
163
130
160
154
163
167
213
177
240
175
121
128
168
223
200
194
150
410
285
227
581
501
558
156
201
127
129
221
180
139
163
142
173
180
130
130
137
180
194
175
133
136
133
130
137
139
130
180
258
178
185
168
182
135
125
236
128
188
256
133
180
249
182
141
268
246
166
633
559
469
536
462
145
138
131
134
269
137
141
142
181
128
129
169
136
168
264
489
190
200
184
185
480
498
475
206
129
205
374
281
257
193
127
268
298
131
197
139
128
214
237
155
141
171
128
164
132
240
131
134
131
124
247
179
234
476
133
154
510
558
159
309
204
201
269
264
167
133
131
250
139
134
171
122
195
129
128
131
131
134
128
132
206
233
216
213
137
181
223
471
193
241
250
578
179
286
227
132
128
250
546
523
136
126
176
211
171
322
320
403
278
580
456
241
199
133
139
129
246
128
133
130
133
133
167
182
177
184
130
135
127
264
131
130
173
134
125
132
135
125
163
172
331
262
208
137
187
206
230
235
137
130
130
237
384
357
137
130
212
142
128
237
124
129
220
178
205
248
125
138
158
142
266
310
373
263
166
201
193
132
178
249
194
124
131
245
286
172
135
170
131
242
259
129
170
131
138
167
131
191
134
400
135
173
691
549
499
393
349
229
130
160
143
137
156
142
140
183
130
129
189
164
141
229
140
134
127
240
138
175
136
129
251
132
129
213
290
251
144
129
209
140
125
128
249
528
509
435
446
131
137
172
252
180
125
128
190
167
243
177
251
244
264
125
214
196
302
186
128
129
124
266
243
142
226
183
217
180
201
203
142
128
204
127
195
130
271
179
250
125
135
571
659
699
223
211
128
167
131
134
136
182
172
128
266
393
251
245
182
252
148
135
265
195
131
226
133
133
153
131
126
129
180
135
131
254
232
271
129
134
130
276
164
136
174
221
131
181
148
242
215
249
140
137
163
217
255
130
162
138
134
135
130
230
130
135
127
238
256
144
135
131
134
123
186
133
208
133
130
126
130
248
223
282
228
136
260
134
188
121
129
135
265
197
351
239
166
178
297
323
134
347
245
242
214
349
275
164
234
129
235
171
243
169
132
216
172
238
222
205
204
229
241
130
139
141
143
191
144
142
175
129
200
184
134
226
143
221
168
251
344
216
179
252
200
606
656
142
246
274
187
255
203
