376
305
322
349
324
315
283
286
290
301
351
308
317
426
400
306
310
310
280
283
316
321
318
329
297
295
330
302
310
302
311
300
302
288
371
296
285
302
337
360
346
365
315
364
431
361
290
297
300
312
330
428
464
407
292
293
318
288
311
323
310
342
287
290
286
314
307
303
276
293
313
278
399
456
285
276
280
303
456
398
311
285
287
282
303
298
280
386
284
309
320
299
282
409
288
279
304
391
302
320
305
422
464
305
284
297
304
290
294
287
304
285
284
332
294
289
296
292
275
294
308
282
355
312
300
404
369
292
294
333
277
312
297
348
317
308
301
302
338
309
297
286
327
305
283
287
306
285
305
354
315
282
346
363
351
375
349
301
290
291
292
355
297
279
306
399
307
287
288
282
293
356
296
280
294
293
320
299
340
306
313
321
289
293
283
296
277
294
280
295
280
284
284
277
283
283
346
288
304
355
287
296
298
362
423
307
373
333
296
277
381
375
394
293
280
301
285
306
437
430
352
372
382
370
295
280
277
376
284
288
302
399
316
283
283
430
412
299
313
294
288
299
354
370
396
379
352
284
291
305
293
306
291
279
390
303
399
354
388
314
307
324
284
341
355
332
295
284
281
394
279
306
313
353
317
370
303
325
309
327
292
285
295
308
300
300
315
407
391
503
334
337
378
352
316
315
321
286
305
329
301
286
286
292
407
358
388
278
279
287
283
344
288
300
430
303
299
275
346
362
285
325
377
307
315
340
297
289
289
294
289
285
293
278
307
376
459
338
467
332
337
340
317
341
293
299
356
424
398
291
318
366
396
281
305
366
339
299
277
295
278
304
300
361
300
295
302
286
286
281
316
333
287
297
325
299
291
303
299
322
309
302
389
290
352
387
295
281
289
283
349
361
354
639
564
284
306
288
277
302
313
331
335
327
296
296
281
293
300
316
297
287
299
305
282
285
349
324
399
278
302
295
304
329
275
279
281
288
293
298
287
327
374
302
282
279
300
335
342
346
299
302
300
286
286
301
338
301
289
293
301
279
282
290
282
286
294
324
435
400
405
287
282
346
313
316
301
327
300
282
289
287
287
382
307
364
275
292
285
326
348
337
289
290
286
418
362
294
291
293
281
281
286
322
319
307
300
326
311
292
405
301
284
293
315
289
282
283
286
290
309
303
289
597
425
575
292
301
288
323
301
411
438
398
433
429
416
415
328
321
411
473
298
288
312
406
420
385
282
289
294
297
293
286
282
289
279
299
288
324
329
295
631
563
638
321
328
363
297
279
280
292
275
294
296
298
321
327
324
283
294
310
311
299
351
304
354
329
285
366
287
335
282
307
333
275
411
350
286
287
646
408
643
288
301
280
397
292
288
308
417
414
389
345
310
292
407
307
322
341
296
281
285
285
296
354
299
308
282
384
346
396
361
356
295
295
281
319
302
304
400
394
347
447
385
373
401
293
314
306
316
293
343
333
276
289
347
297
288
279
289
286
289
335
399
407
305
293
449
285
292
286
414
446
303
303
313
304
295
283
305
397
285
319
322
324
328
314
293
298
282
315
321
326
425
320
281
310
288
322
287
290
293
289
287
295
294
297
316
312
348
295
291
332
343
433
314
382
296
283
284
308
301
282
364
280
290
278
277
293
299
300
380
290
276
283
280
309
288
289
280
291
289
308
294
291
318
291
285
287
292
331
279
281
283
284
282
277
385
301
287
291
295
289
283
286
281
303
345
303
282
318
306
294
334
307
290
285
279
280
460
530
523
381
352
447
319
318
282
279
298
300
280
286
285
297
370
360
292
303
327
336
332
306
293
284
299
321
292
292
321
320
326
281
290
284
375
304
415
281
308
297
326
326
365
303
308
430
328
321
351
308
355
326
301
292
285
309
288
313
310
297
281
315
404
306
309
300
278
286
328
287
315
409
453
285
396
328
320
321
393
395
382
436
355
432
339
359
284
412
360
392
289
312
299
301
367
283
302
337
291
293
285
406
358
326
410
283
283
279
303
411
300
339
283
297
346
355
300
326
399
392
349
320
340
332
335
345
283
294
303
304
309
351
430
292
301
302
343
302
311
304
319
412
314
302
279
433
431
307
325
277
351
295
300
428
282
309
339
287
293
282
308
324
431
492
299
304
294
287
280
299
297
381
302
312
290
379
425
356
343
321
297
344
291
285
350
303
302
314
276
369
421
350
431
430
315
357
433
343
357
378
388
348
380
307
346
280
426
306
416
426
426
411
411
387
407
310
369
384
420
399
360
399
417
439
383
327
425
359
