277
264
160
149
123
165
139
168
160
123
166
131
133
126
137
200
123
127
118
128
132
130
118
124
114
124
252
291
175
239
253
126
143
116
124
125
128
128
154
196
146
141
178
124
121
144
120
212
176
196
258
167
134
163
129
170
147
150
129
123
124
126
127
141
131
122
125
209
127
143
121
126
126
116
125
150
141
125
117
262
131
141
128
169
175
195
205
210
170
124
152
222
211
130
159
122
254
124
220
124
124
133
130
267
211
125
128
126
157
217
193
236
191
149
130
120
131
124
218
222
126
213
132
122
260
125
130
178
200
181
133
126
129
126
131
132
134
130
120
130
127
121
127
145
187
170
217
127
154
196
148
148
167
136
177
198
170
227
177
145
126
205
224
138
127
119
133
141
166
158
200
138
234
143
169
132
125
127
242
133
131
132
145
130
127
116
200
140
129
128
176
216
122
128
142
160
185
195
187
235
210
127
124
134
173
153
126
171
200
128
463
239
197
170
121
126
176
196
124
127
127
125
120
125
256
280
166
126
139
174
159
165
257
144
188
179
216
208
135
152
129
145
135
124
126
125
130
192
233
134
140
134
221
195
189
130
125
137
135
157
134
129
238
145
140
123
177
126
131
128
129
126
130
126
124
122
125
122
125
127
130
126
238
126
165
132
147
124
137
134
127
129
137
154
130
250
135
132
133
167
132
270
195
175
132
127
135
194
150
144
136
134
152
172
131
130
125
122
122
129
239
128
136
171
129
238
130
135
129
126
144
125
215
132
236
124
120
127
132
124
238
130
180
132
124
126
132
126
225
262
129
120
128
130
134
128
132
196
194
192
136
181
124
188
128
131
131
453
496
209
253
135
150
230
128
178
128
134
134
149
127
256
119
126
144
236
211
133
126
137
184
146
180
175
145
129
195
125
120
132
130
150
128
125
129
127
211
174
137
149
128
129
124
235
229
184
222
150
125
132
134
146
126
119
172
122
177
204
180
210
250
124
136
161
127
171
152
125
192
126
150
221
157
188
126
130
223
133
126
205
269
280
156
152
133
127
135
135
180
130
130
129
139
125
124
125
114
168
125
220
170
176
125
133
430
244
286
495
237
130
185
128
251
215
162
162
135
174
203
135
133
124
121
134
156
189
268
127
274
238
170
183
246
423
196
132
235
290
337
272
280
135
132
171
122
133
135
150
126
139
141
140
181
135
242
183
136
128
136
151
189
128
130
137
163
124
136
129
215
180
130
139
125
261
126
181
161
135
135
138
179
145
237
253
120
125
168
117
125
136
182
176
133
132
126
257
208
129
127
133
147
251
135
131
126
129
131
133
132
129
188
127
219
132
121
125
128
129
133
153
124
130
129
130
139
174
133
126
125
128
123
124
190
130
161
233
274
151
133
163
129
223
221
163
202
236
127
267
261
152
126
131
136
130
132
153
143
161
184
125
124
121
137
132
140
125
133
127
247
121
129
129
256
160
133
126
157
161
255
127
126
139
164
133
127
203
132
178
136
174
129
231
182
128
131
130
126
200
224
122
116
228
188
188
140
121
135
147
126
119
224
180
122
253
229
133
128
127
250
113
127
254
285
180
127
257
238
180
217
176
159
126
121
126
168
126
118
133
155
241
124
129
134
157
211
128
210
122
122
135
138
238
160
284
142
185
157
131
225
136
130
129
123
210
148
130
131
162
168
128
171
132
121
191
207
179
135
125
133
177
193
128
140
186
123
122
180
128
248
133
130
128
129
187
130
131
129
159
137
173
229
120
128
129
133
125
127
121
132
233
124
131
124
126
129
125
128
133
212
130
127
131
129
121
122
129
272
144
177
144
128
190
132
131
140
245
128
177
132
137
126
199
134
126
132
127
130
127
251
128
130
221
127
193
122
214
125
188
313
139
134
138
125
119
200
192
211
118
213
194
129
121
194
218
213
132
130
131
173
159
149
126
156
271
224
137
149
127
126
129
197
165
234
226
136
227
192
130
137
173
140
179
149
127
351
129
260
133
131
220
247
138
149
128
121
197
236
228
239
129
119
183
129
344
254
245
421
536
321
185
282
275
285
150
278
352
270
421
389
487
351
155
199
161
128
126
124
125
240
126
183
128
234
206
207
175
517
231
239
170
127
156
243
237
268
153
186
123
125
133
167
276
300
177
132
124
136
125
169
127
144
130
137
263
196
129
226
137
135
248
230
245
196
196
133
170
199
173
135
169
212
122
129
246
208
240
126
138
129
196
217
184
113
166
223
228
195
128
207
187
168
126
270
261
127
128
211
223
200
234
