189
372
156
155
140
195
130
137
302
303
288
381
308
188
188
163
126
122
122
127
157
140
131
119
113
129
158
523
456
453
495
407
227
185
150
141
184
176
172
144
121
117
119
127
171
135
137
152
147
125
121
137
123
136
147
125
157
130
121
109
110
115
109
138
118
118
121
132
151
148
153
125
158
116
151
163
168
151
115
125
155
127
119
117
114
117
126
121
119
117
117
110
127
164
129
117
119
114
112
117
159
172
185
174
195
138
131
119
118
117
114
114
120
113
320
355
244
135
130
120
123
120
115
130
137
137
135
126
117
112
112
126
138
159
147
170
212
197
219
175
118
113
121
153
170
154
137
121
388
437
433
464
271
164
183
152
126
120
115
133
142
168
136
127
162
115
282
336
117
118
267
242
179
165
161
183
118
112
123
124
112
112
116
111
127
153
140
117
121
148
117
128
132
137
135
130
134
145
161
129
121
114
108
118
125
119
169
212
200
177
149
124
129
151
128
120
112
228
290
143
134
138
153
135
135
143
138
147
131
145
117
120
121
120
117
162
205
165
188
121
250
276
145
124
116
131
134
138
161
117
118
185
168
128
129
128
116
168
201
202
164
195
189
152
124
126
120
126
107
108
112
245
241
233
130
134
132
122
127
122
116
155
150
120
140
175
116
128
118
126
128
174
161
118
112
134
181
175
155
141
135
131
134
157
185
198
151
109
120
132
135
136
143
136
139
131
119
108
253
170
147
121
142
181
181
173
129
138
146
133
142
110
132
123
134
129
132
140
131
176
125
143
141
175
146
160
158
136
163
113
117
127
123
185
226
154
141
146
182
132
125
119
117
127
136
137
136
130
148
174
152
125
140
144
174
111
120
124
338
160
364
146
124
112
121
118
142
109
120
165
125
126
128
130
152
121
121
123
131
123
112
163
143
118
125
125
119
125
127
127
155
206
173
158
168
134
144
182
145
112
160
190
182
185
197
191
172
204
174
163
210
187
168
117
125
114
124
140
125
128
152
168
205
194
161
127
113
139
191
144
136
174
134
142
176
139
173
160
202
188
126
132
135
142
149
173
129
157
125
159
121
116
112
112
124
155
124
165
141
177
162
115
236
187
146
135
171
149
114
117
216
134
133
512
381
579
467
340
263
175
138
172
161
121
128
140
152
155
130
124
151
172
198
184
175
202
139
187
158
247
118
116
112
212
114
121
152
132
144
127
120
125
158
128
129
177
115
110
117
126
145
116
118
110
120
112
114
123
118
121
137
142
176
121
116
269
303
179
153
122
120
118
122
124
122
111
168
122
112
137
144
166
119
121
118
126
124
117
119
119
128
134
156
119
137
163
116
110
127
114
118
115
493
471
480
417
295
109
139
149
149
142
117
130
118
108
129
130
134
160
135
129
127
362
225
377
122
112
163
110
128
157
167
111
194
192
163
115
120
119
119
222
135
153
110
118
164
123
127
505
434
363
471
107
112
124
126
109
110
239
111
123
142
117
143
110
110
116
118
159
117
131
130
140
166
112
113
110
118
127
110
277
274
320
186
141
183
127
142
142
172
133
120
167
196
120
108
127
129
151
138
109
148
167
152
139
118
120
129
146
167
152
120
148
205
182
147
121
170
157
125
128
124
128
138
150
153
148
175
161
149
174
159
109
116
117
122
121
128
169
140
158
180
163
128
130
155
138
143
129
136
123
125
161
123
127
134
146
199
180
156
123
151
136
171
114
321
116
148
124
193
239
108
122
158
128
151
122
128
124
138
147
183
169
121
113
130
170
126
136
120
110
112
116
145
175
149
175
120
164
134
153
188
178
121
141
148
129
121
127
135
177
161
116
114
121
127
133
136
185
114
126
137
146
111
112
121
148
344
181
142
151
115
119
143
114
124
128
155
127
137
233
117
112
107
112
107
164
122
137
115
114
117
133
164
136
128
126
122
128
128
127
119
159
195
277
171
221
236
166
128
633
748
300
721
202
150
121
121
124
134
115
119
115
235
221
145
159
163
159
194
131
146
115
115
121
135
116
112
121
125
119
124
123
115
118
118
120
158
111
110
118
163
113
111
108
110
239
118
111
113
117
384
419
444
171
118
116
199
168
135
128
1376
131
175
135
132
122
175
165
116
119
119
124
133
487
487
271
489
153
133
135
143
158
156
119
128
120
114
116
118
122
117
122
126
119
122
120
121
129
150
142
186
208
153
116
250
273
115
229
158
136
516
527
503
335
533
260
292
122
136
118
117
117
126
128
129
157
116
123
132
122
132
122
132
299
317
188
183
127
118
130
137
116
120
113
139
145
143
186
149
174
127
122
124
150
118
114
117
116
130
127
119
185
111
122
116
114
229
199
122
128
131
168
121
113
123
114
177
211
118
124
133
158
132
173
156
176
189
177
131
138
168
171
113
146
202
156
119
119
121
124
118
124
167
179
149
122
126
156
116
118
149
170
195
165
161
196
186
157
120
128
137
143
166
122
131
134
125
129
122
139
175
125
138
121
168
194
191
233
204
138
155
186
180
166
250
200
415
333
237
148
159
142
179
147
178
125
134
121
114
177
114
177
143
116
115
114
122
117
110
115
111
162
164
184
172
198
219
240
171
147
132
152
151
132
125
143
151
148
188
114
119
154
184
210
246
227
215
223
130
150
212
117
138
179
182
122
123
128
143
155
244
234
228
180
130
124
112
125
129
118
134
130
119
125
130
178
134
169
134
133
157
252
265
248
279
174
209
193
209
167
280
187
196
231
239
274
454
332
246
230
396
284
216
213
171
117
125
125
124
119
144
175
146
131
149
125
133
147
152
122
136
123
118
131
162
146
134
148
125
188
153
119
116
115
230
130
149
142
124
157
115
115
241
373
115
125
130
144
160
190
129
111
165
118
116
117
107
113
132
177
137
150
116
119
123
116
121
124
127
147
115
120
114
285
132
160
168
119
116
115
124
120
117
134
173
144
118
141
176
155
119
142
181
144
150
115
142
115
123
122
119
112
113
111
124
117
226
115
122
127
128
146
137
123
117
193
115
121
146
118
113
111
118
112
120
116
253
111
123
110
111
212
228
119
115
111
112
120
156
112
111
113
113
115
113
113
109
338
391
131
175
167
197
224
116
135
126
165
125
113
112
127
112
112
115
115
121
113
121
135
135
116
132
118
115
112
124
111
123
147
116
123
128
141
138
120
119
111
119
151
110
115
150
109
114
117
120
112
113
174
156
130
127
123
136
129
156
184
182
164
135
147
133
140
128
131
134
137
143
190
135
129
118
192
180
152
127
131
128
128
139
134
147
127
125
134
126
137
162
128
130
130
134
129
118
129
124
127
130
131
141
188
169
132
136
165
129
125
118
125
190
226
128
173
131
132
176
126
134
124
122
117
127
125
125
237
118
132
236
130
207
141
165
139
128
264
287
252
117
125
129
132
122
124
123
124
132
151
169
124
129
156
265
261
150
159
171
163
151
129
140
167
154
124
124
137
134
133
124
131
139
141
138
130
125
138
121
159
132
128
123
154
187
170
168
183
120
200
169
136
253
290
214
123
126
128
129
130
124
127
128
123
121
125
131
458
290
508
499
447
416
179
191
125
147
194
186
223
219
261
156
131
127
144
254
177
128
121
126
129
119
120
268
232
176
131
252
212
182
128
213
216
154
123
131
121
128
124
127
132
168
127
211
244
128
140
146
181
159
189
184
138
125
118
133
118
124
129
138
173
171
127
125
126
134
132
173
127
129
193
208
159
126
128
150
125
227
129
129
132
153
132
128
286
188
185
180
213
179
134
165
129
120
132
125
134
143
131
129
206
234
299
278
402
127
128
124
125
126
128
124
118
230
152
149
127
124
126
120
129
132
194
197
130
129
133
152
206
123
126
135
139
249
158
133
130
144
144
203
188
172
137
127
133
129
169
133
143
146
125
153
127
168
125
124
124
125
128
227
198
174
126
119
133
174
272
220
133
143
131
231
134
218
137
156
126
124
182
122
203
131
125
246
242
210
217
127
196
177
140
209
165
132
134
368
462
208
128
128
123
126
129
182
125
248
235
128
124
120
200
172
122
241
128
254
195
130
215
128
127
128
210
257
262
211
239
129
134
160
229
135
185
189
130
210
128
270
175
133
210
253
241
186
227
168
234
131
195
127
132
152
140
181
126
250
128
131
130
281
134
122
129
233
132
119
223
197
216
236
132
204
245
284
238
127
186
271
163
125
123
232
129
181
224
198
135
162
235
131
181
164
553
142
256
191
139
128
136
201
128
173
126
125
