158
170
147
146
130
137
106
113
206
203
204
208
207
159
146
139
117
112
114
116
117
132
110
109
103
111
147
157
130
127
150
156
163
151
122
132
126
129
127
128
110
107
111
119
118
127
129
130
130
116
111
130
115
123
119
118
111
121
111
100
102
106
100
129
107
108
113
107
142
139
114
116
112
108
144
150
132
127
106
116
111
119
109
108
105
103
118
114
110
104
109
103
120
114
116
109
109
105
104
108
150
162
172
162
154
131
121
110
109
110
106
105
112
103
126
119
136
126
122
112
114
113
108
122
129
129
128
117
109
105
104
118
130
128
140
146
156
160
125
122
109
105
112
144
139
138
125
113
110
161
168
174
175
153
146
137
117
112
106
121
133
134
129
120
119
109
111
111
109
111
139
137
142
137
132
116
111
102
116
117
103
104
106
103
117
114
112
109
111
115
110
119
125
128
127
123
126
126
127
119
112
105
101
111
117
111
161
170
168
163
141
116
121
122
117
112
103
121
130
123
126
126
127
127
127
131
131
132
123
123
110
110
111
111
109
155
151
137
148
113
126
125
120
116
109
122
127
131
130
109
109
128
124
120
119
117
109
118
111
111
118
140
136
131
116
118
112
111
99
101
105
118
113
113
121
127
125
114
118
111
108
112
113
113
128
131
109
121
110
118
120
114
116
107
105
127
121
134
125
128
128
124
127
150
147
151
134
101
113
124
127
129
135
127
130
123
111
100
134
133
131
106
132
151
155
150
119
130
125
112
114
100
106
113
124
118
119
128
122
115
114
133
133
131
135
127
131
127
129
105
109
118
116
128
136
133
133
137
142
123
116
110
109
117
125
129
127
119
137
136
134
114
131
135
130
102
112
116
119
109
109
121
115
102
112
110
117
101
112
107
118
118
119
122
123
115
113
113
123
114
100
107
115
111
116
116
110
118
120
120
144
151
154
147
158
124
136
128
135
105
152
154
171
178
188
178
160
155
151
151
153
158
148
105
102
104
116
113
116
120
121
158
147
152
150
116
103
116
114
116
117
119
116
123
116
120
123
140
140
138
110
118
122
131
135
132
117
113
117
111
114
111
107
105
119
115
116
111
132
129
132
106
129
128
128
127
123
117
107
109
118
125
126
125
190
191
198
193
200
150
130
129
131
106
117
130
132
133
121
109
138
144
156
135
124
106
130
127
127
108
110
107
104
110
107
113
114
125
121
116
113
118
122
117
114
120
108
102
109
116
111
107
109
103
112
105
107
114
107
106
129
126
128
111
106
144
146
146
130
110
113
110
114
116
115
103
112
114
105
129
127
127
111
113
110
118
117
110
112
111
121
125
125
112
109
117
108
103
118
107
110
108
108
130
137
139
134
100
131
139
140
134
109
108
106
99
120
119
122
121
126
117
120
114
109
109
113
104
103
103
121
125
125
104
133
132
127
108
113
111
112
102
126
123
102
109
103
115
119
123
127
103
103
100
105
117
113
101
103
105
103
113
110
109
110
101
101
107
111
105
109
111
120
124
122
105
106
102
109
109
103
147
143
143
155
133
126
118
134
135
138
126
114
107
120
110
101
120
121
124
122
102
138
142
135
130
110
111
122
137
138
133
112
141
148
147
136
108
115
115
118
119
116
121
127
131
127
135
133
134
141
132
133
101
108
110
115
111
119
117
129
126
133
120
113
122
125
120
122
115
114
115
118
112
114
118
127
133
143
137
136
114
113
128
125
105
102
108
111
117
114
112
98
115
115
118
121
112
120
114
130
136
140
131
111
105
123
120
118
111
111
102
104
109
136
130
142
126
111
105
127
144
132
124
109
127
124
118
109
109
124
123
126
108
105
113
114
125
121
106
105
117
115
117
103
104
113
111
121
123
124
117
107
111
111
106
115
119
121
115
115
109
108
105
100
104
101
109
115
107
108
106
109
123
122
128
121
118
115
119
120
119
110
146
146
161
161
153
168
134
116
189
189
183
192
177
138
110
107
114
109
107
111
108
141
140
133
145
151
143
151
122
119
106
106
113
108
108
104
111
110
105
116
109
101
107
111
112
106
103
102
110
109
105
103
101
103
103
109
104
105
105
107
111
112
119
111
106
129
125
127
120
114
123
118
124
122
111
119
117
106
108
107
115
124
129
126
112
112
116
124
121
137
140
127
111
106
112
105
108
111
115
110
113
114
110
113
113
111
120
123
122
128
125
126
109
117
116
107
123
126
129
128
181
181
181
181
188
191
115
113
111
108
109
118
119
121
120
108
115
111
115
108
113
121
151
156
160
159
118
110
122
122
108
112
105
130
129
134
141
141
137
120
114
114
113
109
106
109
108
123
117
112
108
103
114
108
107
124
120
113
120
123
126
112
102
114
105
126
126
109
111
124
123
124
122
148
147
145
140
123
130
128
116
106
138
133
129
111
112
113
116
111
112
116
109
109
114
114
112
108
110
142
140
144
139
152
148
146
138
110
118
126
133
131
114
121
122
115
120
112
118
115
115
113
113
159
169
162
176
159
131
148
155
148
140
179
180
190
192
187
140
118
128
125
127
111
117
118
114
106
113
106
122
116
106
107
106
114
109
102
107
102
117
156
158
153
142
144
148
144
138
121
125
128
119
115
134
136
139
141
107
111
146
176
203
196
199
194
180
123
120
111
109
131
127
125
112
115
120
128
134
155
155
164
153
122
116
104
117
120
110
109
123
112
117
122
120
125
123
126
124
122
108
128
123
123
119
104
110
118
113
124
122
112
105
113
126
124
125
106
149
158
149
161
151
134
107
114
114
110
110
133
138
133
121
118
118
126
127
113
114
113
115
111
124
122
119
126
124
116
123
118
111
108
107
113
122
128
126
115
115
107
107
104
104
107
116
121
136
137
144
122
104
110
110
103
108
101
105
124
131
126
128
109
111
109
109
114
117
120
119
107
113
107
104
125
122
127
112
108
108
117
114
110
126
118
123
109
131
133
134
110
135
139
137
134
109
112
108
116
108
113
104
106
104
114
110
108
104
110
111
118
116
121
115
104
106
107
112
109
110
106
103
109
105
111
108
114
102
113
100
102
120
116
110
107
106
106
112
108
106
104
106
105
109
105
106
101
102
114
124
126
119
122
118
107
107
119
110
118
107
105
119
105
103
107
107
113
106
114
117
118
109
105
108
105
104
105
103
115
108
108
113
121
126
121
111
111
101
111
109
102
107
109
101
106
109
107
105
106
123
119
122
119
117
119
121
148
145
146
144
127
122
126
119
121
123
127
127
122
119
127
120
111
132
129
120
119
123
120
121
131
127
129
120
117
115
115
127
124
118
122
123
125
120
110
121
118
119
120
123
133
127
134
124
130
132
120
117
111
118
131
125
121
122
123
125
126
117
126
117
115
109
119
116
118
120
110
124
120
122
121
133
130
130
120
125
119
119
111
117
121
124
114
115
115
116
125
127
131
117
122
111
118
111
141
137
138
134
122
120
131
127
123
116
117
130
127
125
117
115
130
130
130
121
118
125
113
128
124
120
114
146
142
144
141
124
113
134
131
122
130
124
119
116
118
120
120
120
116
117
120
115
113
117
123
118
165
167
174
177
182
127
125
117
139
136
133
141
134
135
136
123
119
122
131
126
121
113
117
121
112
112
128
126
120
124
128
125
121
120
135
131
129
114
123
112
120
117
119
124
123
119
129
123
120
131
137
138
136
121
126
120
117
110
125
112
116
122
130
131
129
119
117
116
126
124
126
119
121
132
132
126
119
120
119
117
123
121
120
122
119
124
120
145
141
143
138
129
125
127
121
122
111
125
117
127
124
121
120
119
120
111
102
102
118
120
118
117
118
120
116
110
135
132
130
119
115
117
112
121
124
128
124
122
121
125
119
120
116
118
123
125
131
127
125
124
124
135
143
145
145
129
120
123
118
111
126
126
130
118
125
115
121
118
117
116
116
119
128
190
154
117
112
124
120
130
127
125
118
122
128
124
121
128
127
118
117
121
114
119
123
116
120
121
124
125
119
130
126
119
121
124
125
117
127
122
121
120
119
115
119
121
121
118
121
127
120
116
109
129
126
115
125
120
129
124
121
120
120
118
120
121
120
127
123
121
121
125
128
121
127
122
124
121
121
120
128
123
122
124
122
133
126
127
123
120
123
127
119
125
128
131
130
118
122
119
121
122
121
122
112
119
128
124
112
121
123
126
128
120
128
128
124
122
119
121
128
122
117
115
122
119
130
124
124
124
122
121
121
120
121
122
124
122
122
121
120
125
122
120
121
117
122
