163
163
171
182
134
124
121
120
146
146
122
122
118
118
143
143
133
133
117
117
139
139
115
115
114
114
137
137
118
118
116
116
133
133
108
108
112
111
135
135
116
116
112
112
138
138
116
116
113
113
131
131
112
112
117
117
131
131
108
108
114
114
138
138
113
113
108
108
136
136
112
112
114
114
138
138
110
110
119
119
131
131
118
118
115
116
131
131
122
122
133
133
140
140
129
129
121
121
128
128
126
126
126
126
118
118
123
123
110
110
121
121
126
126
112
112
120
120
125
125
123
123
148
148
133
133
132
132
154
154
146
146
125
125
134
134
124
124
127
127
151
151
144
144
130
130
134
134
140
140
122
123
135
135
133
133
119
119
136
136
136
136
139
139
125
125
127
127
121
121
127
127
110
110
125
125
144
144
142
142
138
138
135
135
129
129
130
130
126
126
120
120
117
117
124
124
124
125
118
118
116
116
126
126
125
125
118
118
123
123
117
117
116
116
123
123
115
115
113
114
116
116
113
113
123
123
120
120
114
113
121
121
118
118
118
119
120
121
118
118
121
120
112
111
110
110
110
110
123
123
115
115
116
116
112
112
116
116
118
118
112
112
113
113
112
112
117
117
111
111
117
117
118
118
118
118
115
115
111
112
126
126
119
119
116
116
117
117
120
120
117
117
118
118
118
118
116
116
123
123
126
126
126
126
122
123
114
114
122
122
116
116
116
116
121
121
125
125
115
116
114
114
111
111
119
119
116
116
114
114
118
118
124
124
139
139
153
153
124
124
122
122
120
120
119
119
121
121
123
123
116
116
117
117
122
122
133
133
126
126
126
126
123
123
121
121
127
127
130
130
128
128
123
123
147
147
124
124
125
125
127
127
120
120
127
127
129
129
122
122
132
132
129
129
126
126
130
130
129
129
124
124
129
129
140
140
130
130
124
124
125
125
129
129
121
121
127
127
123
123
130
130
123
123
120
120
127
127
122
122
128
128
125
125
121
121
124
124
129
129
126
126
119
119
126
126
125
125
119
119
118
118
120
120
122
122
125
125
120
120
126
126
120
120
124
124
120
120
126
126
129
129
126
126
119
119
124
124
117
117
119
119
126
126
119
119
121
121
124
124
124
124
125
125
123
123
129
129
119
119
126
126
127
127
129
129
129
129
121
121
119
119
127
127
128
128
130
130
129
129
122
122
133
134
120
120
120
120
127
127
127
128
125
125
120
120
117
117
117
117
131
131
121
121
126
126
122
122
127
127
118
118
115
115
118
118
123
123
115
115
132
132
129
129
115
115
116
116
114
114
118
118
114
114
118
118
116
116
115
115
119
119
114
114
114
114
114
114
119
119
114
114
116
116
114
114
118
118
120
120
116
116
114
115
114
114
112
113
115
115
118
118
116
116
114
114
112
112
123
122
113
113
122
122
121
121
124
124
114
114
116
116
117
117
117
117
120
120
125
125
116
116
119
119
121
121
111
111
114
114
117
117
125
125
121
121
115
115
113
113
126
126
118
118
122
122
118
118
120
120
126
126
120
120
121
120
128
128
121
122
114
114
116
116
117
117
116
116
268
268
159
159
114
114
120
120
118
118
119
119
123
123
116
116
116
116
119
119
114
114
119
119
116
116
115
115
115
115
119
119
115
115
118
118
119
119
120
120
113
113
116
116
120
120
122
122
114
114
117
117
122
122
115
115
119
119
119
119
113
113
119
119
130
130
135
135
122
122
121
121
128
128
114
114
113
112
119
119
116
116
113
113
116
116
114
115
119
119
131
131
127
127
121
121
120
120
113
113
116
116
116
116
120
120
122
122
117
117
122
122
123
123
115
115
123
123
118
118
115
115
123
123
122
122
118
118
122
122
121
121
118
118
120
120
116
116
122
122
120
120
115
115
132
132
158
158
131
131
121
121
114
114
119
119
119
119
114
114
122
122
119
119
113
114
123
123
119
119
118
118
114
114
119
119
120
120
120
120
120
120
114
114
117
117
121
121
113
113
116
116
