572
558
575
575
543
759
283
305
340
356
380
352
263
388
261
258
532
277
311
267
295
306
314
346
352
329
356
313
330
347
354
297
354
417
457
437
431
422
301
337
383
383
374
370
359
265
265
314
305
310
344
369
348
356
352
384
382
378
364
390
546
505
551
522
560
544
364
366
324
335
345
308
295
320
277
298
313
280
301
328
298
284
288
325
304
297
280
280
298
263
258
257
264
283
311
281
293
301
274
276
294
241
248
224
224
274
216
227
245
217
220
279
267
255
247
290
270
322
319
302
313
309
295
228
235
204
236
206
215
271
292
304
319
319
346
256
268
221
263
214
225
202
204
189
191
218
223
199
204
209
212
262
262
255
279
243
239
272
286
294
264
274
268
244
217
194
194
201
202
222
206
216
219
239
241
268
236
230
253
240
245
215
233
244
246
252
270
231
236
262
256
244
240
242
228
190
226
200
223
244
245
221
216
218
212
230
231
252
263
263
260
260
251
244
228
245
262
280
271
241
271
259
266
216
225
238
254
271
242
214
204
236
235
239
243
239
248
293
291
283
292
276
273
282
276
317
245
251
288
211
222
185
197
190
226
216
222
202
199
225
224
227
227
235
223
252
235
256
238
246
242
232
223
222
228
258
260
231
252
253
242
238
225
240
233
230
212
213
231
205
218
196
204
204
193
236
221
226
223
194
197
210
227
237
238
242
249
269
287
289
325
358
325
357
356
336
304
268
270
305
262
216
242
282
222
349
345
313
364
346
351
279
268
262
297
283
288
221
239
248
246
253
269
270
287
274
291
277
291
338
282
298
297
275
258
260
239
206
222
205
236
220
235
203
205
224
245
212
197
188
188
236
242
232
218
244
259
255
250
231
243
246
270
241
246
218
225
259
241
247
265
292
302
291
318
304
273
262
281
268
261
261
251
266
242
258
298
289
292
287
281
281
256
248
268
277
277
255
219
228
251
257
245
241
240
252
265
254
228
223
270
252
259
218
214
215
238
237
201
191
195
232
240
213
211
251
240
246
205
247
207
258
247
235
201
209
240
219
208
255
218
222
262
236
231
223
229
251
206
212
227
205
214
236
208
204
215
205
199
228
217
217
248
242
253
269
273
284
265
294
297
288
333
319
343
317
306
307
288
303
312
300
287
285
289
290
261
246
267
237
238
213
227
216
251
239
274
291
280
307
347
442
452
623
687
750
853
866
727
841
1107
939
576
572
484
475
478
482
513
488
316
327
303
323
300
317
309
313
300
306
323
328
260
279
314
300
310
374
402
400
425
435
411
277
285
286
271
265
301
299
345
381
404
461
423
390
366
347
344
326
306
311
305
297
280
289
326
330
342
328
343
325
317
299
306
279
282
291
313
263
250
304
323
312
247
254
230
290
340
359
405
419
430
432
372
347
310
304
318
304
253
267
265
280
291
281
270
268
304
300
297
328
321
324
305
298
331
299
310
311
322
321
353
371
373
383
396
382
344
367
359
374
361
391
367
342
345
362
312
297
209
244
268
274
287
288
273
269
291
294
264
230
249
253
267
270
283
290
288
288
290
275
260
227
268
239
232
250
248
262
288
318
326
322
342
376
359
332
334
338
326
300
314
343
375
337
320
333
350
302
261
267
248
238
216
216
232
246
216
219
