242
194
227
149
122
154
161
151
122
115
166
177
176
168
172
148
122
113
138
120
115
118
123
117
117
132
111
112
119
111
111
142
137
123
116
121
117
140
131
108
114
116
108
135
118
121
123
116
112
137
127
115
115
118
123
128
133
118
125
120
116
141
137
133
118
116
123
112
133
108
108
118
108
113
131
138
123
124
118
123
118
153
154
134
130
125
120
134
118
111
118
116
125
132
132
121
121
115
126
126
120
127
121
118
131
128
120
127
122
125
120
113
125
131
127
127
125
121
115
138
132
133
123
129
125
121
122
116
113
126
121
134
129
130
112
118
110
122
111
129
125
132
127
125
110
112
120
120
119
128
125
120
115
125
117
120
120
120
114
129
124
109
117
109
120
118
120
117
149
144
142
144
120
135
138
138
135
122
112
126
117
119
131
130
125
120
125
128
129
125
125
117
123
121
118
128
124
121
130
125
121
117
127
124
129
126
122
129
123
122
118
115
114
124
113
120
128
120
126
130
127
116
132
128
129
119
120
124
119
112
127
123
120
132
127
131
121
127
122
119
119
146
139
144
143
122
140
132
162
145
159
126
120
116
127
120
109
109
115
119
116
119
119
116
132
129
125
132
129
118
111
117
122
125
121
121
112
115
119
116
122
119
125
118
128
124
117
136
133
135
136
120
125
122
121
127
122
122
132
138
137
135
128
117
122
124
137
132
133
111
111
130
134
130
128
123
129
123
118
140
138
139
138
120
118
116
109
120
121
123
129
124
121
130
124
118
111
116
129
129
133
118
118
112
122
116
120
115
119
120
114
118
131
125
113
113
134
129
129
113
118
116
113
121
135
131
130
123
118
130
129
124
124
127
125
122
120
121
110
130
126
119
128
123
121
127
123
127
122
122
125
122
115
122
121
122
126
125
127
114
110
120
118
118
126
132
128
128
123
129
126
114
117
115
131
126
119
121
118
138
133
133
121
118
121
124
122
120
116
117
118
118
125
121
132
126
126
121
122
116
114
113
126
113
125
119
120
122
116
126
125
125
132
128
127
122
121
130
129
132
132
123
114
119
137
135
134
134
123
111
129
125
120
130
127
119
112
122
117
129
122
124
128
125
121
118
120
109
125
124
124
119
120
123
122
126
121
119
124
129
127
122
117
119
122
125
114
119
121
119
120
117
115
120
119
119
119
119
122
115
115
122
112
128
127
123
127
123
110
120
118
137
134
133
122
119
118
120
124
128
124
116
119
121
113
120
113
116
115
121
122
129
124
125
123
123
127
139
136
133
133
127
122
131
131
134
134
127
127
119
131
121
119
117
119
117
122
120
130
126
127
121
112
129
127
126
122
120
117
123
114
125
117
128
124
122
113
112
122
118
131
126
124
122
116
119
107
107
115
107
125
167
171
186
195
194
158
121
130
127
116
129
113
120
118
124
120
132
127
122
121
127
129
131
128
119
120
112
115
127
114
116
117
130
127
127
125
118
120
120
111
111
127
122
128
124
130
125
112
125
125
124
119
119
126
119
125
114
122
112
119
121
128
122
114
112
111
112
115
111
111
117
128
121
118
117
125
119
114
120
134
130
128
118
119
118
134
131
125
127
123
118
144
139
140
133
116
115
120
123
134
140
143
136
133
125
119
130
129
129
127
121
117
117
126
133
133
133
122
119
111
127
123
121
122
120
108
108
175
176
187
182
185
176
159
165
143
135
128
122
125
121
127
121
119
120
113
109
131
127
123
118
132
127
126
122
117
117
124
111
129
124
126
125
122
128
121
121
114
114
119
116
125
130
123
118
120
119
124
113
126
122
121
126
123
127
135
133
132
120
120
122
121
112
122
130
127
120
125
118
120
120
119
123
117
115
120
121
132
127
125
122
117
122
120
128
126
129
129
124
123
135
132
130
122
119
121
126
125
121
117
123
118
118
120
131
124
120
128
125
119
127
111
122
119
121
115
115
121
111
127
122
113
112
128
124
121
123
124
125
121
117
122
113
115
119
123
117
118
125
116
137
134
132
125
122
121
123
121
120
120
132
122
121
128
124
129
125
111
124
121
122
116
124
118
121
122
125
128
123
115
122
122
118
122
126
115
115
112
119
122
120
111
125
123
126
118
122
120
126
126
127
120
121
119
116
122
121
132
125
119
120
121
122
124
122
117
124
115
122
121
122
125
120
109
101
102
103
105
97
107
99
104
105
101
104
104
104
120
121
120
119
122
130
111
125
120
120
120
123
119
121
122
121
123
121
122
121
120
122
121
123
123
122
120
122
129
122
129
127
