193
179
142
131
121
150
164
149
146
129
127
126
122
139
128
118
127
127
131
140
126
128
114
130
125
127
142
125
126
132
127
127
142
125
124
132
129
149
138
125
124
132
130
123
138
133
125
122
124
124
139
127
124
129
133
118
138
139
130
127
124
127
139
126
121
132
135
125
127
140
124
126
131
125
127
138
124
124
128
122
149
144
129
128
126
128
137
138
138
134
130
133
126
128
128
140
128
136
130
134
136
130
132
124
117
130
138
125
127
130
128
129
129
128
126
128
127
128
129
126
127
129
132
129
128
127
130
131
121
129
127
126
128
128
131
131
126
128
130
125
131
128
131
117
119
133
134
131
126
127
133
128
131
125
129
126
128
126
129
132
129
127
122
128
128
128
128
127
127
124
132
132
131
121
130
132
119
128
128
126
128
134
130
135
113
113
129
130
124
128
127
126
128
124
129
128
133
130
128
131
121
128
145
141
143
133
127
129
129
127
131
129
127
134
124
126
128
128
129
129
129
130
127
131
128
132
130
128
128
129
129
134
126
126
128
129
119
129
131
126
137
131
128
129
127
128
127
133
129
129
