0
0
0
1
0
0
339
346
360
361
458
341
379
499
521
525
548
524
559
692
707
496
579
579
531
580
562
587
574
587
606
732
703
691
734
730
732
845
847
651
651
684
687
767
751
769
887
744
891
822
849
759
1080
1067
1087
1140
1143
1086
1266
1340
1247
1178
1119
1071
1095
1133
1106
1102
1084
1102
1252
1170
1067
1086
1018
1071
1181
1193
1115
1134
1141
1135
1175
1037
1011
1051
1029
858
898
891
835
847
799
901
905
901
930
931
954
906
1005
882
966
895
837
865
793
783
810
782
806
626
715
626
683
656
684
684
660
701
865
872
845
870
741
733
837
789
819
785
769
776
871
814
784
826
686
752
789
795
807
823
897
926
959
930
909
937
1040
953
925
916
805
796
918
893
865
882
962
920
809
779
793
810
861
682
651
666
612
621
454
663
568
429
436
300
281
163
285
227
174
155
148
152
86
220
57
72
67
43
170
0
0
0
0
0
0
0
0
0
0
1
45
28
34
0
0
1
0
0
1
0
0
1
0
0
0
0
0
1
0
0
79
90
11
0
59
9
18
66
18
0
1
0
0
0
0
0
0
0
0
0
0
0
0
0
0
0
0
1
23
49
66
119
73
0
0
0
0
1
1
0
0
0
56
31
30
83
124
0
0
0
0
0
0
0
0
1
0
0
0
0
0
0
0
19
0
46
39
67
0
0
24
84
0
0
1
0
1
0
0
0
0
0
0
0
0
0
0
0
0
0
0
0
96
0
0
0
0
0
0
0
0
0
0
1
0
0
0
1
1
0
0
0
1
1
0
0
0
1
0
48
35
3
0
0
0
0
0
0
0
0
5
0
1
0
0
0
0
0
0
0
0
0
0
0
4
0
23
49
69
92
42
65
128
130
0
0
0
0
0
0
0
0
0
0
0
0
0
0
0
0
0
0
0
0
0
0
0
0
0
0
0
0
0
0
0
0
0
0
0
0
0
0
0
0
0
0
0
0
0
0
0
0
0
0
0
0
0
0
0
0
61
74
34
63
54
120
116
49
49
0
0
0
0
0
0
0
0
0
2
1
32
0
1
0
0
0
0
0
74
55
41
30
0
129
64
128
15
0
1
39
42
0
0
0
0
0
0
0
0
0
0
0
0
0
0
0
0
0
0
0
0
1
0
0
0
0
0
0
0
61
1
1
0
0
0
0
0
0
1
17
45
0
0
0
0
0
0
0
1
0
0
0
0
0
0
1
1
0
0
0
0
0
0
0
1
0
0
0
0
0
0
2
2
1
142
137
191
185
133
174
343
320
339
341
401
370
474
503
506
454
441
495
443
445
335
426
292
291
340
351
254
259
225
205
191
220
238
234
208
51
189
0
0
0
0
0
1
0
0
0
0
0
0
0
0
2
59
60
0
5
0
0
0
0
0
0
0
0
0
0
0
0
0
0
0
0
0
0
0
0
0
0
0
1
0
0
0
0
0
0
0
0
0
0
0
0
0
0
0
0
0
0
0
0
0
0
0
0
0
0
0
0
0
0
0
0
0
0
0
1
0
0
0
0
0
0
0
0
0
0
0
0
0
0
0
0
0
0
0
0
1
1
0
0
0
1
0
0
0
0
0
1
0
0
0
0
0
0
0
1
0
0
0
0
0
0
1
0
0
0
0
0
0
0
0
0
0
0
