165
124
117
114
162
169
113
120
118
121
113
130
112
121
120
119
114
127
118
111
125
118
120
124
119
120
119
116
117
118
125
120
120
117
119
112
135
134
122
120
124
119
117
117
125
126
124
121
116
120
108
126
116
122
119
123
118
134
132
128
106
106
135
120
118
119
118
138
133
125
115
111
109
113
118
120
114
115
124
116
120
132
128
117
112
121
132
130
116
119
112
121
119
120
136
121
121
120
118
127
121
132
126
123
133
128
126
123
127
123
122
117
110
110
138
134
131
120
125
118
124
117
121
117
121
132
126
122
118
122
129
126
117
128
114
125
125
119
119
123
119
115
124
122
106
106
121
134
131
132
131
124
126
121
121
133
130
129
119
117
121
120
123
119
112
119
125
118
118
126
126
128
123
119
121
119
113
132
132
131
122
117
127
133
135
134
119
123
131
128
129
119
120
119
121
135
132
131
126
122
125
122
119
129
126
118
126
122
120
129
126
122
125
121
123
114
119
123
130
127
119
132
125
125
133
119
123
127
121
121
119
121
126
123
121
128
120
116
116
114
125
123
125
119
124
129
121
124
117
120
123
112
122
128
127
126
122
125
117
125
116
119
122
121
122
123
119
120
110
117
110
116
140
141
140
126
127
125
123
123
123
118
125
118
111
111
119
121
124
129
124
116
119
151
150
149
144
130
124
120
118
120
122
124
117
120
122
120
119
118
129
126
124
119
119
121
122
119
114
130
124
121
129
125
131
127
118
125
127
131
131
127
126
117
129
125
132
128
120
124
117
117
116
127
119
122
120
126
119
122
118
122
124
117
120
131
126
122
120
121
121
130
128
122
126
117
121
132
127
119
118
122
117
123
117
122
119
117
127
113
124
127
126
131
133
130
126
125
125
123
126
121
118
120
123
121
128
126
134
128
127
123
120
119
120
123
120
123
129
125
132
129
122
131
126
122
128
127
124
117
121
118
120
123
122
117
123
117
118
129
118
119
122
117
122
117
123
118
126
121
118
121
122
124
129
126
123
130
126
130
126
138
132
133
119
116
117
116
144
142
141
117
119
124
130
146
144
143
134
121
123
118
126
120
114
120
118
122
117
122
120
120
127
121
120
129
124
122
117
125
129
129
122
130
125
120
124
128
123
120
117
116
122
117
124
125
120
134
129
124
119
123
128
121
128
124
120
116
122
120
122
122
118
123
120
125
119
120
124
116
122
120
121
123
118
123
121
127
119
137
133
132
117
124
121
120
118
119
123
119
129
121
128
124
132
123
117
119
120
111
121
124
115
130
118
119
111
121
129
126
124
118
120
114
120
130
123
122
123
123
118
141
135
137
128
124
135
140
147
142
145
125
117
109
109
122
114
126
120
117
122
121
120
114
122
128
123
122
114
122
114
120
124
118
129
125
128
121
129
126
122
133
128
122
120
121
121
121
119
123
120
142
139
138
128
164
167
168
176
169
128
122
124
121
112
112
109
119
132
129
126
123
121
131
130
128
119
123
120
124
117
123
126
123
120
124
118
118
126
119
121
118
121
127
116
131
127
125
121
122
121
113
120
113
122
121
131
126
102
104
111
111
134
129
124
118
118
122
122
123
131
127
121
123
130
125
121
120
121
114
124
122
130
121
128
125
121
120
124
119
126
123
120
122
119
131
123
123
116
121
124
120
132
127
121
117
120
124
125
119
134
127
134
132
129
132
127
118
131
125
127
120
122
122
121
129
133
134
133
122
132
124
121
127
123
129
125
121
118
120
133
131
126
128
124
127
120
129
125
122
126
115
113
119
121
123
116
129
125
132
129
119
119
126
120
117
126
114
121
117
121
130
127
122
113
132
126
120
123
116
124
120
123
118
114
118
120
119
119
122
125
118
140
136
138
136
122
124
116
126
118
134
130
127
123
120
129
122
121
120
123
124
120
132
128
122
135
129
121
119
120
126
126
128
126
122
133
127
124
123
123
122
124
127
122
123
118
123
115
124
132
127
124
127
121
124
118
131
125
132
126
122
123
132
130
121
136
133
134
132
127
122
124
122
132
128
131
126
118
115
117
124
121
124
120
118
123
130
125
120
109
105
124
123
124
123
124
121
122
125
122
122
123
115
126
128
118
124
112
123
122
120
125
122
123
122
122
123
131
128
128
122
123
124
132
128
120
122
118
123
121
112
122
121
124
119
122
120
128
124
122
120
123
121
123
120
121
132
128
122
117
128
123
121
125
122
122
122
122
127
124
124
120
122
123
121
117
128
120
128
128
130
127
123
124
117
122
123
122
126
