259
307
314
281
304
304
178
178
178
177
179
181
157
158
158
158
158
179
155
155
155
155
155
192
150
150
150
150
151
196
160
160
160
209
220
219
186
186
186
215
221
181
201
180
180
212
216
178
179
179
178
238
189
189
189
219
197
161
182
160
161
161
194
153
153
153
153
161
219
186
187
187
187
225
227
183
183
183
184
219
202
172
172
174
195
226
206
199
199
218
232
232
192
192
193
227
218
209
184
186
186
225
227
195
195
195
194
230
226
184
184
184
184
253
251
224
227
227
229
181
183
209
185
207
217
167
167
167
168
204
208
157
157
157
157
191
197
163
163
164
167
206
208
180
181
181
214
211
169
169
169
182
193
142
140
140
140
153
184
153
153
153
155
184
197
149
149
148
150
179
148
148
149
149
161
201
172
172
172
172
212
215
174
175
175
175
203
164
164
172
165
192
203
157
157
156
156
193
152
152
152
190
156
191
152
148
152
152
152
200
160
160
161
163
178
171
172
181
172
210
215
173
173
173
173
211
211
178
179
179
179
221
215
175
175
175
175
214
214
180
180
182
181
232
218
211
211
222
225
208
208
208
208
214
213
189
190
190
199
199
200
200
200
200
204
222
204
195
195
195
195
195
195
191
192
193
210
210
209
236
237
239
214
215
215
186
186
185
188
189
188
175
174
176
177
177
177
171
170
171
171
171
171
170
170
170
171
172
172
200
201
202
207
207
208
178
179
182
172
174
176
174
171
175
170
172
170
178
176
177
181
181
183
188
189
194
181
183
183
188
188
197
179
179
181
177
177
168
169
176
172
193
193
177
181
183
194
171
174
173
175
177
200
168
167
168
166
172
193
172
172
173
172
188
188
166
168
167
167
202
197
168
169
168
179
197
200
170
170
170
198
203
171
198
171
171
194
196
165
165
165
167
188
158
160
160
181
164
197
172
171
172
171
178
187
165
165
166
175
174
186
163
165
164
168
168
162
162
168
162
170
171
159
159
161
168
173
173
163
163
164
190
178
178
171
170
172
192
173
176
164
165
165
167
166
163
165
165
165
162
163
164
164
164
165
162
161
162
163
164
165
163
163
163
164
163
164
166
166
171
168
168
168
177
176
186
168
168
169
182
182
188
167
168
169
178
178
192
171
170
171
186
186
186
173
174
178
205
205
207
186
183
186
179
179
169
184
169
169
173
174
162
162
163
164
173
172
164
162
165
171
180
180
170
172
170
185
174
174
169
167
167
193
160
166
166
163
164
189
168
169
169
166
170
195
165
165
165
172
171
188
168
169
169
170
175
189
172
172
172
174
175
166
165
194
174
176
176
166
166
166
172
189
173
171
172
172
171
172
173
168
168
169
165
165
164
188
188
187
188
188
188
200
201
201
206
205
209
193
193
194
189
189
187
168
166
167
170
171
171
177
178
179
183
183
183
195
196
197
189
190
194
183
183
184
178
175
180
188
188
204
195
194
198
199
199
185
203
186
188
197
197
190
191
191
195
196
197
193
194
195
212
205
193
204
193
212
217
171
171
172
171
204
213
201
201
201
207
236
237
211
211
211
236
225
215
177
177
178
197
225
224
202
201
202
237
227
190
213
190
191
213
210
195
194
196
198
238
219
215
219
219
218
231
201
201
202
203
209
228
202
202
201
209
228
186
186
197
186
224
209
196
196
196
196
239
236
211
211
219
221
205
196
191
191
203
201
218
222
241
246
228
237
233
229
219
219
225
243
228
228
214
214
214
235
200
201
174
174
174
203
173
173
168
168
168
174
182
175
169
169
169
168
169
170
169
169
169
177
177
177
197
197
200
212
213
214
209
209
224
223
224
224
278
279
288
251
251
251
221
226
277
247
248
255
251
246
188
239
189
210
196
196
199
200
200
234
209
209
198
198
198
230
206
206
204
204
204
232
204
204
195
195
195
223
204
206
204
204
204
203
205
204
185
185
185
137
130
135
135
131
135
132
136
136
132
128
126
142
186
194
157
167
150
145
140
142
135
137
140
