624
643
625
560
404
402
231
224
230
225
236
226
236
280
214
247
214
241
254
211
216
182
215
181
218
242
210
186
231
219
245
259
256
245
239
273
279
261
252
259
296
284
273
235
276
335
279
530
298
417
563
536
353
319
300
385
407
402
249
258
258
249
280
276
233
251
236
238
251
264
257
242
230
234
288
286
226
229
232
244
216
222
221
203
192
221
214
239
198
206
230
242
235
185
192
205
235
216
219
203
213
219
202
203
226
223
207
202
241
219
221
197
205
218
233
227
238
218
254
238
219
220
196
206
213
208
238
204
211
246
266
247
262
260
265
265
245
260
254
247
240
248
268
279
276
271
302
279
290
271
264
267
280
269
245
259
259
253
239
237
236
242
237
245
247
236
252
235
215
216
186
190
222
198
205
223
240
235
223
216
213
214
237
230
218
228
222
197
204
209
168
177
192
196
212
229
210
217
221
213
218
205
202
205
183
169
134
131
120
140
152
156
148
141
128
131
186
203
211
250
248
272
260
263
232
222
236
243
235
196
192
141
158
161
157
148
127
131
143
139
141
146
143
150
193
207
213
245
246
259
246
242
244
186
177
148
149
148
213
220
218
234
237
237
236
212
225
221
195
170
164
164
171
181
187
173
175
165
154
156
175
200
206
184
194
210
209
227
208
224
230
208
198
193
204
180
181
182
135
139
187
201
191
177
187
163
171
148
191
196
214
243
256
258
207
194
186
174
140
153
153
156
181
190
208
212
204
197
166
146
149
159
157
159
178
215
230
244
252
268
258
244
243
229
202
137
170
193
204
209
217
222
197
151
124
137
142
147
152
177
213
227
247
259
266
273
289
283
280
271
254
231
187
198
185
161
175
178
169
180
163
157
169
172
154
152
167
164
181
169
156
175
133
136
145
151
173
174
173
173
158
167
159
162
199
175
150
140
144
147
157
155
162
154
174
188
176
168
179
169
159
165
178
175
201
219
240
229
242
246
240
272
243
257
260
249
258
236
217
212
228
229
218
221
218
234
245
248
219
215
236
221
185
172
187
196
222
265
264
312
309
306
303
311
298
297
256
267
264
208
213
165
171
178
194
211
217
217
211
155
149
147
160
157
146
134
153
177
176
172
168
186
177
163
172
201
183
187
230
234
215
184
175
177
179
215
220
215
236
225
214
200
194
175
179
204
198
215
213
217
245
229
223
232
190
203
192
149
149
155
139
161
168
176
188
160
143
191
194
196
312
330
335
318
316
364
310
353
298
310
341
309
317
354
337
335
329
350
284
295
329
314
311
277
282
288
220
228
263
245
226
243
240
227
222
221
257
196
202
230
208
206
176
152
154
163
139
141
166
159
179
196
226
223
229
246
236
238
195
203
214
212
213
165
120
139
140
147
145
139
135
148
127
143
143
142
135
138
133
149
140
142
146
140
155
159
148
130
142
156
146
142
141
140
138
129
139
136
153
132
169
164
171
167
160
146
165
164
187
182
197
151
145
125
131
141
138
144
146
142
138
134
139
138
124
124
151
136
155
160
170
167
124
127
143
171
166
165
130
120
151
162
122
110
115
116
138
131
135
119
128
142
144
152
141
153
129
124
139
139
143
138
150
139
137
134
138
135
168
140
142
138
142
154
159
136
136
143
150
182
