306
288
292
265
276
292
268
260
258
281
267
275
281
266
264
266
266
276
275
277
263
252
269
272
282
273
265
285
265
272
290
277
254
253
276
278
276
270
274
275
272
261
281
276
272
254
271
255
302
271
273
267
262
264
270
266
256
259
274
268
256
294
284
255
279
290
290
275
266
258
270
254
267
282
270
264
279
367
366
360
395
371
375
280
274
264
274
269
255
257
271
283
263
262
257
265
275
273
261
265
259
280
264
264
272
273
269
256
260
263
258
276
270
280
263
259
263
274
270
272
259
260
280
278
277
274
269
284
257
275
272
259
267
273
277
265
258
274
267
264
270
271
268
263
265
264
288
274
267
259
258
274
283
278
280
280
279
272
256
265
258
280
257
289
276
285
268
260
291
287
271
262
272
274
259
278
276
269
277
264
264
277
270
271
274
266
261
276
258
262
271
284
278
271
259
280
258
257
259
264
278
273
266
267
263
260
284
263
268
265
259
273
275
278
265
259
269
262
259
257
275
275
270
261
279
263
265
261
274
271
271
273
266
287
270
270
279
276
264
276
269
283
277
284
274
265
259
293
257
266
260
259
260
273
267
270
260
276
279
286
286
272
281
259
288
260
263
279
274
274
276
274
268
284
276
273
257
258
274
261
301
322
320
325
296
297
273
273
278
277
279
262
268
259
276
278
277
258
270
277
277
278
270
257
287
261
281
275
283
264
280
264
276
278
278
277
262
287
272
268
279
278
273
266
270
261
269
266
272
271
279
271
261
275
272
256
260
261
280
273
254
274
270
274
275
276
286
272
269
269
261
269
256
268
273
261
271
257
275
272
281
270
264
267
289
286
299
285
284
278
280
259
258
271
266
272
272
261
259
277
276
257
280
281
255
283
276
281
271
260
271
264
280
280
276
255
268
258
268
263
268
269
266
275
267
270
274
264
263
262
260
276
277
278
274
275
259
279
263
260
285
274
266
257
277
268
260
312
316
335
360
325
299
308
282
274
278
272
267
256
279
286
259
256
273
276
259
276
272
279
267
264
289
272
270
259
277
277
267
256
293
267
280
275
279
286
267
288
257
258
276
274
263
277
256
264
294
288
289
277
277
276
265
271
258
273
259
276
268
265
257
282
268
292
278
273
269
269
279
272
272
288
262
256
270
260
271
274
279
274
281
264
264
273
274
278
259
273
261
272
260
264
276
280
279
285
276
275
260
279
281
260
258
258
281
288
277
283
277
284
279
277
258
255
278
261
279
256
275
284
273
256
255
259
259
277
286
276
274
271
266
262
273
269
270
268
273
261
272
275
269
263
276
257
259
275
279
280
276
281
278
273
266
275
271
277
275
258
262
286
284
278
259
276
282
274
260
280
273
267
271
278
267
275
277
273
265
280
277
281
277
278
281
283
278
277
281
273
275
275
269
284
275
273
256
