374
341
314
327
360
324
324
337
328
345
339
334
317
332
328
318
327
320
316
334
329
335
304
336
315
351
318
307
310
317
316
335
319
312
320
313
327
327
324
321
334
305
301
301
336
328
323
314
321
322
328
316
314
322
324
324
324
319
305
321
318
328
338
320
298
323
303
305
344
324
301
307
328
320
317
328
326
323
305
330
331
308
307
335
333
323
331
323
318
327
319
337
325
327
304
305
319
330
316
305
322
330
323
326
332
326
321
301
321
312
320
330
315
320
318
324
315
303
328
310
318
306
326
305
323
319
302
341
316
309
329
317
325
323
318
329
331
339
320
307
325
306
314
327
321
302
319
319
303
308
321
307
325
324
326
315
332
318
306
341
333
314
315
316
328
326
316
329
325
325
328
312
339
318
325
330
320
316
328
322
307
319
310
325
310
304
328
323
325
319
304
303
314
309
305
321
322
317
325
324
309
309
326
313
305
317
309
306
326
338
341
327
317
326
338
327
314
327
321
324
314
328
330
331
301
322
324
302
313
320
314
318
332
312
308
320
325
337
327
330
336
321
326
304
320
330
327
329
325
337
304
305
322
311
327
321
325
305
324
324
317
302
320
321
328
328
328
324
335
320
306
315
320
327
324
321
311
329
309
316
324
327
326
323
331
337
304
306
320
324
328
310
304
328
339
319
332
326
322
304
304
325
329
328
335
320
312
317
326
312
325
323
304
341
338
338
331
304
307
303
307
307
332
310
302
324
325
320
319
304
310
310
329
334
326
337
308
326
328
326
310
309
330
307
328
317
318
310
321
329
329
308
314
321
320
325
324
319
310
309
327
307
311
312
309
310
315
309
309
321
308
329
325
313
326
322
322
329
321
326
341
321
332
312
306
313
305
324
336
317
316
311
326
316
308
340
327
320
315
319
317
309
328
308
312
324
313
305
323
325
315
329
326
326
307
313
327
310
306
318
324
302
326
319
309
323
318
311
327
339
325
335
309
336
311
328
330
318
322
327
322
309
325
344
328
306
321
327
338
320
323
317
305
326
313
309
327
314
317
330
306
334
328
316
318
309
330
325
332
315
320
325
308
305
325
311
329
336
306
323
326
326
335
322
325
321
334
307
307
319
322
322
314
322
318
312
322
305
327
328
309
305
323
326
336
308
320
321
321
307
324
309
325
328
324
336
327
329
333
311
309
312
307
303
327
310
310
310
322
325
312
319
339
319
308
320
302
332
321
312
320
319
323
322
313
324
322
321
326
302
320
321
323
320
304
306
321
345
328
339
330
305
316
306
319
313
305
326
331
326
318
319
319
305
318
328
324
341
319
323
302
319
307
325
319
304
324
320
339
326
320
318
307
326
320
324
320
310
322
327
317
326
323
306
335
317
316
321
317
329
309
308
317
351
357
342
335
324
321
326
323
324
326
329
323
319
300
328
317
324
328
323
326
320
320
324
324
328
321
340
340
322
342
324
323
327
323
307
312
312
322
305
310
330
308
316
341
318
318
306
321
336
316
319
305
330
321
327
318
338
319
327
330
309
337
328
319
304
325
316
323
324
309
307
304
333
318
313
323
316
307
321
313
306
305
326
321
315
336
305
330
317
321
319
309
328
331
323
340
320
315
303
326
303
305
325
331
327
324
327
326
321
317
305
329
313
325
324
317
311
309
316
306
322
329
329
327
326
315
316
320
331
326
325
322
323
306
315
310
315
319
308
324
319
329
321
317
330
318
303
303
330
323
307
306
327
324
324
304
319
306
302
324
313
308
323
318
328
325
322
312
323
337
315
321
319
312
322
322
315
324
321
306
327
304
306
324
310
321
324
306
315
328
336
319
318
337
326
306
318
325
306
337
315
304
315
333
317
324
304
301
321
309
328
319
306
323
321
327
324
321
324
340
328
329
321
323
334
336
322
313
321
330
325
328
324
322
313
322
322
319
327
324
324
324
306
335
309
327
302
328
390
327
325
321
328
307
322
325
333
327
320
326
318
301
326
317
303
317
304
323
327
314
327
319
315
317
319
327
319
315
325
332
304
304
325
304
306
322
324
307
337
353
325
322
323
324
306
307
321
314
335
342
326
326
329
339
328
328
323
331
347
325
332
322
326
318
327
308
321
308
330
334
325
327
343
325
309
323
328
320
306
310
311
315
321
324
320
307
317
327
319
314
326
310
328
324
331
321
306
330
335
327
340
330
320
330
326
327
316
337
336
327
326
326
325
305
324
326
320
309
323
337
325
330
335
314
312
345
329
328
342
326
323
319
322
331
327
331
352
