146
149
140
139
110
104
112
115
115
147
143
143
142
114
122
127
129
117
109
111
111
119
127
122
122
120
120
149
146
150
149
152
171
173
184
188
203
183
205
181
149
157
174
187
198
107
107
126
118
165
183
197
187
128
144
195
184
167
174
173
164
184
166
123
113
108
108
152
159
155
160
158
163
145
145
152
155
157
174
156
163
142
141
146
161
148
143
146
146
172
109
118
125
132
138
129
131
112
112
139
147
143
141
132
132
126
137
134
136
134
137
135
129
128
117
136
135
130
127
125
124
124
131
131
133
118
122
112
114
122
116
122
117
130
133
134
128
195
197
199
202
204
223
154
160
171
160
164
165
127
129
134
116
119
143
140
141
110
119
143
116
120
120
128
126
120
109
114
128
121
115
112
124
123
122
115
121
123
128
125
122
129
123
124
136
139
133
119
108
120
148
145
142
140
125
124
128
116
136
133
125
134
150
152
148
147
140
125
125
137
129
136
128
132
122
117
120
130
120
119
138
170
171
180
175
172
149
132
125
166
185
203
203
196
213
201
179
207
175
173
195
179
130
129
130
153
150
152
144
149
128
109
122
122
124
177
156
154
175
148
122
122
116
109
128
129
132
123
121
126
117
116
116
128
120
115
131
123
122
140
151
148
151
131
137
119
165
171
177
166
180
154
148
157
169
191
187
190
173
166
150
124
119
126
125
125
119
131
119
120
124
123
119
117
111
151
149
147
147
120
120
153
140
142
146
140
147
124
132
137
139
114
127
115
118
119
115
130
122
126
124
114
111
127
129
126
105
105
113
108
108
104
104
104
120
100
100
122
108
108
118
118
118
117
117
117
174
194
180
204
206
187
119
121
134
141
117
122
125
134
137
135
126
126
121
119
129
173
164
173
156
121
103
104
118
159
127
110
110
129
179
159
152
161
180
190
197
201
195
122
115
110
206
207
117
124
134
164
172
165
155
155
125
121
123
117
125
122
180
174
167
153
147
162
164
181
211
194
144
158
185
168
203
119
110
110
119
110
160
192
199
196
205
137
131
156
180
208
105
107
105
168
162
171
176
171
168
113
121
118
117
117
125
123
157
164
184
196
200
193
178
189
179
165
171
151
169
133
122
122
122
124
135
166
160
168
156
158
123
127
148
149
147
153
104
107
105
123
114
114
126
156
153
168
161
155
119
138
147
146
146
119
120
113
113
149
156
170
192
202
212
180
191
204
169
153
171
175
204
192
97
96
128
127
132
119
193
191
197
100
102
201
201
209
110
111
126
102
102
102
119
114
114
130
148
158
156
162
159
123
129
119
119
140
124
181
173
168
148
146
105
120
125
130
165
164
168
157
165
154
155
156
187
197
210
204
205
208
211
203
194
188
202
178
199
192
170
166
167
167
174
175
171
136
144
150
150
185
132
135
133
131
166
165
131
169
177
171
167
119
120
121
117
105
106
105
117
117
123
174
183
185
141
139
201
199
191
120
132
156
156
166
157
147
129
123
161
119
127
178
175
176
189
184
179
149
157
122
129
129
135
136
139
143
194
198
221
235
162
161
169
169
165
146
151
156
146
146
149
162
161
190
162
160
180
115
127
145
151
148
147
188
199
198
199
198
212
214
196
189
188
197
208
197
203
135
144
169
168
199
179
185
196
201
201
210
190
189
187
190
201
174
183
191
195
195
154
155
154
158
154
189
188
179
181
204
211
161
166
192
169
181
188
174
172
173
198
193
211
162
144
181
173
176
166
168
164
163
193
182
142
145
144
147
152
137
137
152
160
124
200
206
199
218
123
112
115
203
216
133
144
146
140
136
123
129
150
144
136
175
168
166
150
118
125
115
183
190
190
187
184
184
133
134
139
125
121
124
108
108
111
114
115
123
171
173
175
176
189
184
147
153
152
153
153
161
140
142
145
145
136
136
135
152
152
110
108
128
134
137
133
137
138
129
148
171
192
205
208
223
223
224
216
212
212
210
211
215
158
181
175
172
207
120
127
150
151
164
169
170
170
167
167
175
134
146
156
156
155
107
112
163
140
140
138
126
121
140
140
121
119
114
115
150
140
142
159
180
176
190
185
174
204
174
175
166
162
149
165
172
169
203
191
188
193
116
143
141
134
140
132
194
195
202
213
212
221
202
222
218
212
214
197
184
189
180
170
186
173
161
162
153
170
153
157
158
158
142
147
151
157
135
142
131
153
151
140
166
166
172
190
193
191
158
158
161
167
165
147
148
138
139
145
159
160
206
169
170
203
179
178
182
167
171
183
191
191
174
170
174
191
205
146
152
153
150
165
124
137
137
136
129
135
152
156
125
110
110
111
133
113
114
140
150
134
106
105
105
146
180
173
169
184
176
115
119
119
131
190
192
192
192
194
195
149
138
136
145
147
121
180
193
198
200
200
209
168
156
154
160
151
121
139
119
122
130
129
126
102
102
154
156
184
209
220
212
221
215
218
216
217
222
220
229
216
216
224
203
218
214
207
213
195
187
204
212
204
200
185
189
210
214
210
199
190
193
218
209
209
179
194
180
213
207
195
177
178
193
118
123
123
129
149
150
151
143
143
145
146
136
139
113
139
154
154
139
156
159
162
165
129
130
170
170
134
140
140
142
141
150
123
120
110
109
109
126
131
107
113
112
123
190
185
200
201
194
211
142
146
138
135
171
127
116
116
116
120
118
127
191
193
191
193
191
193
178
138
138
140
148
151
144
136
135
134
140
114
122
180
193
189
180
199
185
140
131
134
132
187
195
195
202
124
118
115
203
197
113
122
186
193
130
180
170
180
180
160
159
153
148
149
149
105
108
107
204
191
214
126
116
212
203
196
107
106
106
113
114
115
122
121
130
141
140
140
139
135
132
170
188
185
190
143
155
162
210
195
187
199
200
198
108
119
108
217
211
118
117
119
117
113
125
188
182
125
197
191
186
198
127
121
121
121
122
118
109
121
184
186
189
103
104
205
200
195
204
208
197
201
200
204
127
125
125
127
116
136
134
143
140
143
140
110
109
193
184
184
183
191
186
120
170
195
141
195
182
182
184
179
177
177
173
171
185
109
110
109
109
112
110
199
182
124
194
197
197
188
105
105
171
187
197
132
166
200
207
179
118
120
121
116
116
115
119
118
185
191
205
198
203
209
127
124
124
138
171
180
187
195
196
133
142
147
147
196
119
167
166
192
143
138
203
206
181
118
103
104
103
163
171
184
163
156
204
198
202
120
145
146
145
144
116
120
127
129
131
125
133
114
125
118
110
108
108
108
119
125
164
179
205
205
220
202
214
227
223
224
201
198
216
213
143
193
194
179
178
137
143
149
140
138
106
105
143
102
101
102
164
168
192
187
187
195
174
182
188
173
174
200
150
170
150
184
194
161
173
177
175
175
185
185
153
150
150
153
177
142
141
140
138
145
174
147
148
153
156
181
140
144
145
175
152
182
161
162
162
181
178
149
146
147
138
138
138
112
116
116
171
154
154
162
151
151
125
128
175
176
194
202
191
191
206
198
201
195
189
192
191
181
180
177
186
134
120
148
142
181
119
196
200
191
208
200
203
115
119
119
144
145
161
162
187
196
177
177
183
184
197
195
180
180
188
188
122
146
146
174
177
147
144
151
150
147
119
130
136
158
161
178
180
194
184
194
127
132
135
135
150
118
121
182
186
196
189
189
205
188
186
199
181
181
196
149
148
144
157
156
138
129
131
148
172
156
156
172
173
188
167
162
184
177
165
161
161
167
126
136
153
129
130
156
158
159
159
163
181
115
125
123
158
157
157
158
198
194
198
181
181
181
188
198
192
173
179
169
164
114
115
114
119
123
123
152
157
156
179
179
135
158
158
194
198
114
104
104
112
112
105
104
104
105
168
162
155
156
156
156
146
142
141
166
163
133
169
176
177
131
151
169
169
168
164
182
194
190
190
203
198
154
166
136
135
129
116
121
120
106
106
120
135
135
147
147
142
168
151
154
153
153
124
137
142
154
172
116
115
119
119
124
121
128
174
161
162
163
163
178
140
139
141
142
149
177
149
152
151
159
177
191
157
150
156
155
178
147
147
166
148
187
130
127
127
126
172
163
180
166
181
181
197
156
153
156
169
168
191
146
146
151
153
153
117
145
148
149
180
190
190
171
172
169
183
166
166
165
167
187
128
158
165
162
155
107
113
113
125
139
148
185
179
179
135
179
183
189
125
126
117
117
129
125
132
133
160
171
175
176
171
172
193
173
197
175
170
170
151
150
145
167
158
175
118
112
119
131
134
134
164
174
176
164
186
174
189
172
171
160
157
164
185
178
181
165
168
193
164
145
146
142
184
105
104
113
110
109
114
125
117
116
117
127
123
154
142
137
143
146
138
133
120
120
141
120
112
111
168
169
169
171
181
172
131
131
135
162
152
152
141
119
155
151
151
151
174
175
181
174
165
166
189
198
173
169
189
187
160
160
162
178
194
112
112
135
154
169
190
202
185
186
214
206
209
211
210
223
220
219
223
200
214
227
144
145
177
199
207
126
126
125
141
140
118
129
129
150
188
188
202
201
201
200
169
174
158
173
157
192
160
149
167
151
164
155
118
105
106
127
116
118
117
103
103
103
187
199
191
190
189
188
116
200
188
196
114
123
205
186
178
188
190
210
204
217
200
127
129
134
171
169
125
129
133
135
162
170
160
174
177
185
176
176
173
159
117
127
186
188
123
186
210
205
201
115
129
132
135
117
130
134
136
144
147
144
147
105
105
125
166
122
153
157
167
168
170
156
124
172
163
167
131
134
137
118
95
95
121
178
202
142
204
201
207
193
119
120
177
179
118
190
190
167
180
96
96
119
107
121
167
167
161
157
162
118
107
122
134
136
175
172
198
128
127
155
157
191
130
126
134
124
127
144
186
186
182
184
211
151
147
149
149
198
144
149
146
146
125
106
107
119
113
113
163
171
140
132
132
119
105
105
105
130
202
191
195
200
201
118
121
130
113
208
117
122
116
187
190
200
204
122
128
127
205
210
139
138
140
140
144
141
147
139
127
125
110
118
110
112
107
105
181
180
197
118
118
213
211
197
172
190
191
187
184
184
185
187
187
194
119
119
131
203
194
146
148
143
154
126
146
142
149
151
125
129
123
130
185
173
174
173
183
183
150
150
164
162
142
154
178
124
127
134
126
145
152
150
108
109
160
165
159
126
163
164
173
173
109
109
109
176
175
118
170
161
158
153
169
148
152
149
149
104
105
116
153
153
151
122
149
147
115
118
123
171
175
180
175
185
126
119
119
113
113
129
119
108
108
116
116
116
117
118
109
109
109
126
132
126
122
126
118
118
126
133
137
124
121
125
125
124
120
112
122
112
124
113
120
130
130
131
122
109
120
111
117
121
120
121
119
120
118
115
133
125
113
128
118
130
119
111
121
118
138
129
126
122
134
127
116
114
111
120
123
121
121
121
114
122
108
117
118
115
122
111
128
126
117
123
124
113
106
121
118
106
124
120
114
110
108
129
122
121
123
122
122
123
114
119
105
105
129
121
120
114
120
134
138
137
119
124
118
126
115
121
132
134
135
124
128
120
105
105
118
120
127
120
170
168
165
172
166
122
119
118
125
111
116
118
152
176
169
170
187
188
192
121
112
112
127
124
129
120
120
123
107
121
121
124
120
121
126
120
120
122
121
119
123
121
122
120
122
