376
329
317
326
358
307
294
316
322
316
327
308
312
294
317
331
307
311
312
296
317
317
312
311
321
292
313
333
317
317
309
316
308
338
317
311
331
320
329
333
323
318
315
318
312
343
312
314
318
317
305
314
315
312
332
316
309
315
305
306
291
309
309
322
317
318
324
311
314
336
314
297
300
313
316
340
320
315
320
295
317
328
313
300
336
316
319
301
297
314
320
319
316
320
311
294
320
320
305
301
321
324
308
324
299
313
300
316
315
319
320
309
302
310
306
296
301
315
304
310
318
311
318
331
308
310
323
314
313
319
309
314
315
312
319
321
330
318
322
314
296
320
314
320
310
322
313
298
319
319
326
329
315
321
334
309
300
294
307
308
321
297
311
322
307
307
306
319
316
309
309
315
299
296
315
304
315
317
304
314
319
314
321
315
320
303
321
321
317
295
319
315
308
302
316
313
316
312
319
318
320
327
322
307
326
329
331
312
320
317
320
319
338
331
330
324
319
315
316
320
313
308
332
304
321
322
298
326
320
318
307
327
307
316
331
319
313
297
321
322
317
313
318
328
321
330
314
318
320
318
