226
143
137
137
173
173
197
191
173
203
186
145
143
135
135
133
149
205
206
206
208
213
213
158
156
142
169
162
161
167
132
135
128
128
184
211
140
178
169
199
198
138
194
196
221
224
105
131
133
230
224
132
200
204
212
227
223
234
206
198
220
197
213
211
194
192
190
179
180
193
117
117
126
126
117
201
204
206
205
208
209
105
105
111
130
142
138
132
182
202
199
195
195
193
143
143
147
128
126
146
149
149
154
182
168
194
197
185
187
113
113
151
184
187
138
185
187
188
189
133
132
129
132
147
145
149
151
183
178
171
193
174
192
135
129
130
130
128
129
138
148
172
198
166
178
166
165
139
135
135
139
133
132
136
134
133
125
122
129
123
128
125
131
127
132
128
125
128
135
138
135
133
129
126
129
130
128
121
135
137
130
130
135
133
128
125
142
137
135
141
129
135
131
127
121
138
130
131
126
111
111
120
127
136
134
132
122
128
126
134
130
125
136
132
127
128
135
132
135
147
149
154
156
146
127
137
121
130
127
133
126
132
153
156
149
147
121
121
149
133
131
125
128
124
154
154
169
165
158
128
131
140
131
131
135
134
137
131
130
132
135
138
133
130
134
130
139
146
137
134
133
135
131
129
125
139
136
139
142
137
131
135
130
127
117
139
132
122
120
121
127
127
128
127
177
182
202
206
213
220
168
196
191
187
180
194
166
166
166
183
185
180
173
175
174
182
182
192
168
170
170
133
131
180
175
173
145
148
137
142
127
135
131
139
136
138
126
138
135
125
127
120
123
130
124
125
120
129
133
138
128
129
130
140
152
155
155
147
125
129
138
139
143
119
133
138
138
145
144
148
142
135
136
142
158
158
159
164
171
171
193
130
137
135
135
155
129
120
121
116
115
129
161
175
157
160
169
126
127
189
203
147
198
203
187
196
128
131
127
129
116
112
112
115
115
110
110
120
119
160
164
180
197
223
158
179
199
184
227
150
155
155
156
156
160
127
128
128
134
140
143
145
128
115
115
125
126
132
137
171
170
158
158
161
111
112
115
117
120
121
122
122
126
131
125
111
111
111
127
176
175
169
172
165
125
127
139
139
142
183
200
208
208
206
128
128
128
138
214
127
127
137
142
183
182
179
186
187
204
198
174
173
186
198
215
214
194
193
211
210
209
188
181
181
196
202
207
177
183
186
186
204
218
203
203
142
159
188
206
207
178
153
182
184
184
186
127
132
124
124
183
182
202
197
148
168
150
201
198
204
184
192
119
131
197
196
196
187
187
138
192
205
191
196
171
167
166
185
174
130
136
120
116
115
170
180
175
170
168
126
124
125
199
210
202
200
199
200
110
111
104
104
103
134
112
112
127
112
111
124
122
122
134
148
168
169
179
180
151
159
159
192
198
144
141
139
141
148
145
135
159
154
150
149
148
131
131
148
147
178
172
180
154
175
178
182
183
179
170
170
156
195
209
207
210
157
159
175
205
217
124
124
122
134
138
138
136
138
172
174
142
177
184
180
173
117
116
133
127
137
134
143
139
142
140
140
142
142
178
158
159
159
166
167
176
167
167
160
180
175
168
169
174
179
179
167
168
169
189
174
171
169
138
139
147
151
149
169
170
188
178
178
194
184
186
179
211
186
203
180
183
164
171
174
189
179
178
162
166
167
198
171
171
170
172
186
206
170
170
170
183
180
146
147
152
146
161
161
167
167
176
197
183
200
187
187
201
217
208
211
193
194
218
214
180
214
198
185
199
206
171
174
190
207
219
176
183
178
175
194
156
169
186
179
180
181
210
210
180
181
208
205
198
199
175
176
185
207
217
181
204
181
205
216
204
189
188
198
202
204
187
177
178
203
207
196
177
174
175
200
194
209
192
193
206
213
205
207
202
200
209
209
214
190
198
223
218
209
219
183
183
209
219
209
211
194
195
216
198
221
204
186
204
217
212
213
193
195
209
197
213
183
171
175
196
180
182
165
168
165
166
140
130
131
138
126
126
132
124
124
132
130
126
119
118
124
128
133
120
135
132
130
129
138
138
126
124
113
114
118
135
140
153
151
150
148
129
129
134
134
125
141
139
132
124
134
128
124
127
128
128
134
132
129
128
133
133
137
134
133
121
134
138
129
140
140
136
128
136
133
121
132
127
140
129
124
132
132
127
122
129
128
128
136
114
114
128
126
137
131
129
130
133
134
130
127
144
138
138
136
112
112
127
129
122
125
127
126
130
127
137
128
129
128
126
130
130
129
126
141
130
129
140
130
128
127
134
129
131
126
