177
123
121
146
139
129
146
140
131
125
124
122
131
131
126
136
126
129
143
141
127
123
122
122
136
149
151
121
128
131
148
148
142
135
132
126
127
139
127
127
119
129
118
137
122
119
121
124
150
148
146
125
122
132
125
155
151
149
132
124
129
125
147
119
112
112
123
146
142
117
129
129
130
124
141
122
125
120
128
125
117
145
123
134
134
130
131
139
133
127
127
121
138
135
139
134
130
112
119
112
134
126
128
127
134
126
136
130
128
125
143
142
145
144
137
135
135
133
126
136
134
133
128
125
129
136
135
125
134
127
128
124
134
118
128
124
125
126
119
123
129
133
129
123
126
133
125
124
130
127
124
126
127
143
140
134
132
131
137
131
134
124
127
124
129
128
130
126
131
139
135
135
134
128
136
130
130
131
131
125
123
121
115
114
127
124
126
126
126
124
127
130
126
132
122
126
127
136
129
125
134
129
133
126
129
119
125
146
143
143
143
126
118
128
124
127
126
133
127
129
127
120
128
132
126
139
136
135
126
131
124
128
124
118
132
131
127
131
127
129
119
131
127
125
128
123
127
126
134
137
127
130
127
124
133
130
133
123
132
128
133
130
123
123
130
122
129
128
132
128
126
132
139
136
133
134
128
127
126
126
125
127
132
135
130
127
131
124
137
131
128
133
125
118
133
123
128
123
123
124
135
132
131
132
128
127
127
124
118
124
128
124
122
132
137
132
127
136
126
127
126
126
128
128
125
124
133
129
136
137
135
135
133
114
121
114
129
125
125
117
117
120
131
125
125
118
130
122
126
138
136
130
120
139
124
136
132
130
122
128
124
132
131
132
133
130
130
128
109
109
118
109
137
128
125
123
138
137
134
125
121
124
124
121
133
136
129
128
136
133
131
125
133
128
135
128
126
138
127
129
124
121
126
121
122
134
130
131
138
128
133
121
137
124
126
125
130
125
139
132
130
129
122
129
128
120
125
125
126
126
128
126
125
131
127
126
119
129
124
128
121
125
132
135
132
130
118
129
123
141
135
135
138
132
134
137
133
140
139
137
131
128
118
125
123
126
131
117
118
132
126
128
136
132
129
126
129
129
126
124
126
130
127
134
132
128
130
124
120
127
127
130
126
118
132
133
128
128
124
132
127
128
128
135
131
135
132
125
125
136
128
137
127
119
130
126
139
136
134
128
134
131
131
124
128
129
133
121
131
134
127
135
127
125
119
128
134
117
128
120
140
136
137
135
134
132
130
141
148
144
144
137
128
142
136
138
147
142
144
140
135
129
128
121
129
124
126
134
129
122
137
123
131
127
125
122
121
138
140
134
141
129
120
137
129
111
111
118
137
132
122
128
126
131
127
128
124
131
129
129
119
122
126
125
129
129
137
142
144
138
142
127
136
139
122
130
132
127
139
135
134
127
125
120
129
130
119
137
131
132
134
129
124
134
129
119
127
128
125
127
125
128
138
133
131
128
122
134
131
124
130
129
120
124
136
130
133
129
120
136
130
126
129
129
128
124
126
126
127
126
126
132
129
133
125
125
128
126
136
135
131
126
129
132
131
124
127
139
133
129
123
123
122
127
124
136
132
128
132
131
130
123
127
131
126
126
128
125
126
129
127
119
126
124
126
127
120
124
131
113
123
113
130
119
118
124
135
130
136
127
133
131
122
127
123
126
135
132
126
125
139
129
127
125
125
128
122
127
152
144
143
141
127
129
129
141
138
138
125
124
133
130
120
129
134
125
134
129
130
134
129
127
126
125
128
127
127
137
136
133
132
128
132
128
121
135
128
129
129
127
123
121
142
139
138
132
127
135
131
125
122
122
131
127
131
127
123
130
123
131
132
124
112
112
117
118
131
130
136
130
125
136
127
131
132
134
129
135
137
134
130
129
129
123
125
133
130
123
115
122
114
127
128
127
123
134
133
138
133
130
125
107
107
107
137
123
119
126
134
130
124
137
135
127
127
129
134
132
123
129
118
135
133
134
139
135
132
129
122
127
126
135
131
127
127
134
129
123
134
128
128
137
126
133
126
122
125
133
130
133
124
127
126
123
134
129
131
127
132
125
129
131
127
127
123
125
126
134
130
128
130
131
118
132
124
126
123
140
134
133
139
134
131
133
128
134
130
124
131
125
128
119
128
117
131
127
126
132
128
129
135
130
133
126
127
125
129
127
136
126
127
125
127
130
128
126
133
135
130
126
129
124
128
128
127
128
126
127
130
116
116
127
127
118
131
129
128
133
136
134
128
129
128
130
128
130
134
127
131
128
