358
290
295
320
292
310
299
283
279
294
288
291
307
304
285
294
280
277
297
280
281
282
283
280
297
290
282
288
273
301
316
284
278
278
283
298
299
282
280
290
290
298
301
280
285
285
298
300
297
278
288
294
291
292
297
295
292
305
278
295
307
294
278
296
297
300
292
302
301
275
280
280
305
299
276
297
295
298
294
297
299
293
281
278
301
289
290
297
290
285
283
307
283
281
302
304
294
308
286
286
284
285
279
287
287
294
281
284
284
283
295
303
289
279
281
285
295
290
280
297
289
300
287
286
285
284
288
287
293
288
289
281
280
286
292
290
290
289
284
286
284
301
290
287
290
288
315
285
291
288
281
298
285
284
299
286
300
300
297
283
294
300
284
285
301
322
285
297
287
282
283
283
281
283
284
305
297
290
299
277
290
283
294
283
304
295
297
291
280
295
307
296
280
306
299
298
281
282
281
294
296
291
291
290
281
301
294
301
298
291
285
288
285
299
283
282
287
285
286
285
282
311
301
289
279
284
297
305
297
296
291
287
290
286
288
283
292
286
299
280
287
281
284
283
285
296
289
304
296
294
284
286
291
282
280
289
288
286
287
283
285
287
290
284
288
287
288
288
288
283
288
281
286
305
292
281
289
298
293
284
290
288
292
286
293
275
275
304
279
283
291
281
292
279
287
300
283
289
285
284
300
308
310
276
302
303
295
280
295
287
286
295
293
294
294
290
295
307
285
288
288
283
299
280
287
288
299
281
281
294
290
298
289
285
303
291
286
281
299
285
295
285
298
283
302
287
278
294
281
282
279
285
292
299
292
284
282
293
293
273
273
286
290
285
286
302
287
287
291
283
289
281
297
298
293
304
286
297
292
284
283
294
283
289
285
299
301
289
294
310
283
281
287
285
288
282
286
283
285
282
300
341
349
280
297
287
294
290
290
282
284
285
285
296
282
297
280
293
283
284
288
300
284
302
288
285
283
287
287
285
285
288
288
289
284
284
286
288
288
287
310
349
341
295
284
328
295
290
289
286
282
287
285
300
285
282
303
278
301
285
295
280
299
289
290
280
293
286
285
286
301
287
292
288
284
286
284
289
287
284
285
288
308
314
309
293
286
292
309
310
292
285
280
292
292
288
289
295
293
295
302
301
286
286
286
281
278
310
286
288
288
286
289
282
285
303
301
299
298
300
281
283
284
285
298
281
299
282
291
283
283
303
289
282
288
287
286
286
280
286
293
293
299
285
301
292
295
287
294
287
293
294
282
300
281
287
283
281
299
285
287
300
283
285
283
293
281
288
295
287
286
284
283
296
293
297
292
312
285
287
286
284
289
298
286
284
301
287
287
285
285
284
301
288
292
299
271
271
281
296
285
299
286
283
287
309
295
296
281
285
288
294
283
289
299
290
284
285
288
292
282
283
283
301
287
284
302
296
289
284
298
282
298
291
279
312
286
279
285
300
299
288
298
299
289
294
293
285
304
289
294
299
312
286
298
281
285
287
278
307
281
280
286
283
301
276
294
302
281
291
279
281
281
285
287
305
291
284
299
288
285
294
294
286
297
283
292
281
280
286
284
283
284
290
287
287
285
283
289
281
308
295
278
315
293
279
298
293
278
299
285
284
298
285
281
286
286
297
277
285
307
304
299
303
285
290
298
305
287
282
283
282
288
284
290
279
283
289
286
297
296
283
286
296
288
283
282
283
288
283
297
294
300
296
301
285
296
282
297
282
284
295
302
298
293
284
284
307
289
298
283
284
296
297
280
286
283
284
294
284
294
285
283
284
301
284
367
307
294
296
294
288
294
307
306
288
282
302
283
296
282
297
306
283
288
294
297
282
287
283
298
292
297
302
291
284
283
287
295
306
295
295
306
292
282
302
290
298
286
297
288
283
281
306
286
296
300
279
282
286
288
299
288
297
287
285
286
286
306
297
301
288
297
285
300
299
289
297
297
300
285
281
283
305
291
287
288
282
287
343
302
289
302
298
296
304
288
293
283
281
314
293
294
297
298
286
307
296
281
280
294
285
291
290
285
282
284
285
280
300
295
281
303
300
304
283
289
283
302
288
283
307
295
289
290
287
309
283
300
299
298
294
293
299
294
296
298
303
299
284
281
298
302
284
280
292
283
280
293
286
289
299
302
302
293
295
304
297
291
286
297
313
292
290
285
286
288
305
298
311
283
302
300
303
299
295
303
295
310
304
286
283
302
306
306
320
280
284
304
303
283
296
292
289
292
299
295
289
302
301
282
306
296
282
301
306
303
305
307
305
