319
315
330
378
380
389
363
321
310
315
315
388
450
477
480
493
472
380
471
425
457
458
462
322
435
453
413
463
468
491
420
465
456
454
471
495
406
454
440
457
471
516
413
461
483
428
467
504
423
447
452
495
458
464
483
426
430
434
448
350
339
339
395
394
381
391
385
390
352
348
327
318
323
330
324
343
332
333
319
336
339
347
413
455
454
429
467
531
520
506
509
454
563
541
523
524
534
488
491
502
492
501
532
553
573
515
513
471
499
558
572
526
523
432
402
415
406
392
416
432
387
422
355
323
429
433
458
463
477
480
338
370
337
343
326
293
291
294
309
309
305
304
292
299
297
306
314
303
300
309
324
315
399
423
421
433
452
498
507
476
546
520
521
514
580
491
561
504
555
516
496
552
482
550
541
568
527
573
548
524
541
574
558
513
526
518
535
552
523
571
544
548
572
544
538
498
498
615
567
500
505
478
560
510
568
570
540
549
482
581
524
510
553
568
457
537
573
490
484
548
518
528
540
436
514
582
487
514
543
543
475
506
498
581
453
404
446
379
381
476
468
537
547
539
450
407
326
311
312
314
353
350
362
369
382
339
319
300
365
432
462
466
461
464
465
489
453
477
437
471
482
478
458
484
512
502
473
445
473
446
448
543
542
542
543
526
519
436
434
419
385
425
458
463
533
544
523
506
530
565
496
535
541
469
429
421
406
383
383
394
416
430
415
407
407
380
347
350
347
348
380
417
450
456
462
480
478
472
452
432
432
383
345
337
341
321
321
318
324
339
382
409
450
424
469
501
461
514
521
527
496
519
489
524
513
511
548
534
585
538
528
515
544
538
528
484
552
529
577
553
550
537
577
525
495
572
563
577
540
560
579
576
541
536
539
582
561
535
526
485
539
545
527
545
516
590
516
523
532
545
572
526
519
532
521
516
547
520
550
532
527
547
498
572
524
553
548
516
532
492
560
539
521
553
511
532
554
511
523
499
501
490
509
536
559
527
561
549
536
492
472
526
509
496
507
498
497
557
516
548
554
532
538
527
553
544
512
520
513
541
506
532
530
502
503
488
484
483
523
553
499
541
531
486
463
439
443
378
398
414
415
443
412
435
506
433
503
495
494
505
500
544
515
520
492
537
503
505
506
499
511
530
559
501
527
565
534
556
586
497
531
547
523
536
553
513
493
528
559
558
556
558
497
516
492
584
539
556
613
546
549
562
586
543
504
597
541
539
538
540
549
577
515
511
476
493
435
376
359
347
340
357
349
387
376
371
314
307
312
310
323
320
352
392
410
441
431
516
497
443
416
436
399
367
313
325
330
345
352
347
351
345
331
343
328
323
316
357
362
441
473
482
495
500
515
476
472
491
507
516
486
463
474
499
475
432
410
376
338
327
387
389
396
418
408
394
349
350
357
412
434
454
496
464
521
515
505
480
564
482
491
439
408
382
383
393
404
398
369
412
396
410
404
421
369
363
343
343
344
344
365
393
410
457
435
441
468
398
406
427
457
440
471
566
515
515
506
546
561
524
525
484
560
470
468
437
387
421
431
414
415
402
383
383
432
420
468
478
507
441
403
405
339
330
323
405
421
461
443
465
472
377
397
415
441
472
491
481
503
509
526
537
528
550
514
532
518
535
512
543
560
507
552
551
551
526
539
523
546
543
566
552
585
515
536
528
550
561
559
552
602
565
546
553
544
512
562
534
555
585
466
527
553
535
519
537
553
495
519
479
507
538
532
492
454
449
534
536
520
566
513
538
490
499
502
545
524
566
568
493
529
517
529
521
516
512
529
543
532
499
493
465
521
499
513
549
556
495
478
528
489
471
481
508
426
435
403
366
360
363
351
352
364
362
357
317
327
319
325
325
323
345
344
346
334
330
326
308
320
322
319
320
318
320
336
332
336
319
313
321
321
317
321
313
320
324
319
327
319
325
333
325
323
333
318
316
320
332
321
314
338
322
315
341
346
432
442
430
413
412
398
327
374
413
411
424
413
417
408
376
343
343
360
465
456
496
470
537
488
549
523
507
531
527
537
500
548
582
559
522
563
511
568
578
571
466
487
395
379
375
337
336
323
328
328
343
324
310
310
310
456
458
470
474
476
498
441
469
460
477
470
500
454
478
460
479
498
478
469
479
493
492
472
483
498
500
504
539
478
531
542
517
489
569
530
547
467
491
461
453
474
447
401
407
369
358
338
429
422
457
427
463
446
447
420
397
384
370
358
425
428
421
415
458
454
435
420
439
482
481
534
511
529
503
495
515
475
494
512
483
505
511
464
490
463
457
474
425
464
430
390
372
365
416
431
437
483
493
505
515
531
488
490
525
526
521
556
556
502
462
542
536
535
497
535
528
531
548
536
538
535
524
558
549
505
563
526
497
558
510
529
549
516
565
533
516
532
554
537
565
472
523
541
534
551
574
485
547
566
508
554
470
510
550
545
557
548
531
511
591
508
530
540
536
518
503
572
526
542
537
537
544
509
557
499
566
532
520
531
512
509
537
570
507
506
544
522
571
538
521
530
564
474
548
505
527
553
538
508
551
546
515
537
539
522
551
527
515
527
571
547
562
523
551
487
570
522
552
532
555
499
530
508
516
525
513
554
523
517
528
554
523
535
550
522
515
512
530
559
557
532
503
554
549
517
520
506
515
558
459
553
570
593
496
538
492
529
572
535
490
588
507
495
539
530
558
503
526
552
532
544
520
539
511
526
521
530
521
582
538
498
543
522
555
540
531
507
548
497
556
509
470
468
521
492
534
567
516
513
560
518
497
560
525
559
483
545
579
506
490
544
532
577
519
503
545
555
504
410
395
359
359
353
363
365
364
338
375
400
434
444
464
483
473
453
541
502
498
452
472
420
381
434
445
450
461
435
469
388
401
423
365
358
356
353
334
334
334
444
454
455
480
537
493
428
458
480
493
466
444
358
375
379
426
432
479
460
488
528
523
477
531
476
510
517
473
546
553
476
513
566
524
545
537
486
542
505
550
480
521
542
537
422
376
382
422
425
425
426
456
371
413
467
546
522
491
532
532
492
490
529
515
540
547
477
542
517
527
526
479
513
516
521
578
530
554
518
505
559
519
521
526
547
541
546
560
504
516
447
456
476
438
410
434
396
341
334
343
380
436
434
433
396
441
421
367
373
434
414
475
513
474
526
400
411
368
356
366
358
363
360
361
355
338
340
385
383
378
403
409
380
402
394
452
457
515
449
408
426
389
457
510
498
469
495
519
536
475
459
480
492
445
381
440
461
461
538
512
493
441
435
397
368
413
436
472
492
487
491
511
508
520
506
516
517
507
477
516
474
526
464
455
438
373
372
356
348
353
349
346
360
346
334
385
402
418
410
428
413
354
345
374
388
427
438
466
450
450
410
384
420
419
483
481
503
495
508
489
480
472
435
432
390
388
401
446
494
522
535
522
491
462
438
472
507
511
520
515
502
512
423
449
425
479
493
460
444
422
399
418
409
423
435
459
491
555
482
504
475
501
429
405
351
350
348
329
332
328
336
384
373
400
340
381
397
437
422
442
465
465
369
370
373
371
380
411
495
474
511
516
522
492
461
433
467
431
424
383
361
361
427
485
481
466
500
511
463
438
403
381
403
396
378
376
387
391
411
390
416
394
403
424
424
465
458
478
453
438
401
379
374
432
434
455
518
491
505
509
548
505
526
515
525
517
521
525
535
550
497
529
494
531
504
560
561
534
525
525
477
435
461
392
414
438
430
441
449
410
375
369
403
399
405
446
407
420
414
406
355
338
335
338
350
337
337
359
364
426
450
432
434
471
401
387
352
337
341
361
362
430
412
423
445
427
401
343
336
338
333
352
400
464
446
471
462
455
395
350
349
348
401
381
371
374
383
360
332
316
317
316
320
321
322
317
331
374
369
358
367
355
331
330
328
342
323
323
362
367
397
429
443
440
419
394
357
325
334
365
444
416
438
469
465
445
398
428
408
363
449
459
485
491
500
512
505
491
470
496
512
512
505
524
481
509
535
525
502
519
494
544
513
509
463
493
480
484
531
516
495
465
495
453
414
412
371
370
370
355
343
325
311
322
309
311
304
305
300
302
299
303
302
295
361
369
429
440
429
450
459
451
446
450
476
457
431
496
421
433
415
414
346
346
354
355
347
347
350
349
350
354
352
350
340
347
350
339
339
345
393
413
424
458
460
479
409
442
502
526
519
540
481
499
514
512
510
541
476
529
501
502
504
508
534
557
524
482
555
491
434
490
467
479
493
533
520
520
510
540
523
570
543
510
537
557
501
474
528
535
549
475
501
484
461
464
421
423
390
408
396
347
337
343
355
333
326
326
312
382
378
377
404
440
494
425
418
415
431
400
330
321
322
315
319
352
354
369
433
404
396
396
398
399
401
372
406
431
400
423
432
429
457
527
504
506
488
482
473
381
375
361
358
466
460
413
461
511
523
472
513
529
535
477
501
497
507
496
516
529
560
529
524
536
530
446
485
371
374
383
369
384
409
412
409
470
461
423
417
329
344
328
355
352
334
318
300
301
295
295
297
310
300
291
374
434
411
428
450
485
470
444
434
471
451
451
448
413
430
401
390
361
335
366
344
358
354
379
369
379
440
431
449
496
479
448
526
549
540
499
473
389
374
368
370
353
397
365
389
363
351
344
391
380
371
377
414
404
445
481
509
519
481
494
460
478
489
474
520
442
431
403
358
399
420
415
428
371
411
400
351
381
412
345
362
353
349
340
362
380
392
441
438
442
427
431
419
455
471
448
425
453
414
403
446
440
441
399
390
344
359
357
374
343
337
334
430
454
441
460
446
403
373
357
352
339
351
348
348
364
388
420
386
416
360
373
359
355
359
351
345
400
392
419
406
398
424
357
327
320
317
331
339
337
362
369
357
405
396
413
448
422
506
488
476
475
418
455
399
363
358
355
348
352
350
319
307
313
305
303
314
315
324
326
335
334
328
304
305
312
299
297
294
289
292
302
373
374
398
383
378
356
327
296
299
310
302
306
302
312
301
306
303
304
312
313
326
319
340
331
323
302
293
299
288
302
298
305
303
318
305
310
296
315
314
298
315
366
410
424
396
395
356
328
300
295
294
290
288
300
292
296
312
330
301
311
300
320
310
306
315
294
293
285
289
300
297
303
294
297
306
302
303
295
289
304
290
291
297
295
304
301
289
309
313
308
312
300
298
298
305
295
309
293
290
314
295
313
304
299
302
310
292
287
308
308
300
306
298
292
299
296
301
311
333
330
318
310
310
296
304
293
306
302
309
299
305
290
305
294
301
290
303
300
301
324
315
319
317
286
287
293
298
292
293
287
308
289
298
297
308
310
306
306
311
305
293
306
311
302
310
297
302
298
298
329
333
351
341
337
314
305
304
308
301
314
304
322
322
306
302
325
312
324
322
316
301
293
302
289
306
309
287
312
303
327
308
313
320
309
298
307
301
294
301
285
300
296
306
314
297
288
318
291
305
315
310
313
307
312
311
304
313
305
304
311
313
306
289
309
315
288
310
314
292
290
310
314
305
297
321
308
312
307
307
307
288
305
307
300
312
301
295
302
302
298
302
302
313
297
304
289
301
301
288
294
301
317
307
318
314
302
314
292
310
305
303
307
299
286
306
311
313
310
300
294
323
286
308
309
302
285
306
307
308
309
303
311
309
309
307
306
