168
141
144
144
161
123
123
124
123
150
136
126
123
122
132
124
128
130
127
129
124
125
138
128
124
129
128
130
139
131
125
123
121
121
154
136
127
133
116
136
147
131
117
128
131
124
140
133
119
123
128
124
140
123
129
129
132
127
141
122
127
121
126
132
128
144
121
137
124
136
123
143
134
122
128
119
128
151
149
131
138
128
145
141
134
128
124
110
114
113
108
107
109
105
106
114
108
124
134
127
132
129
127
131
128
126
131
135
129
132
128
129
130
126
135
127
126
131
131
120
132
128
129
129
125
131
124
127
132
123
130
124
127
125
117
124
112
119
112
130
124
112
113
134
131
129
128
130
124
132
126
126
127
130
126
127
130
126
136
124
131
132
129
132
124
131
127
136
136
128
124
125
134
134
126
131
134
124
129
123
126
124
125
135
133
126
124
133
125
125
126
125
126
128
127
127
134
127
117
131
127
124
129
130
125
134
125
131
126
137
125
125
128
127
150
156
130
132
129
125
126
128
134
126
124
132
131
122
125
125
125
146
144
139
126
124
124
128
127
124
125
132
127
127
121
132
132
126
128
128
125
129
122
129
136
128
125
126
126
127
123
125
134
128
134
131
126
131
123
136
125
133
143
128
126
129
129
128
127
126
125
125
127
127
125
128
126
118
126
136
131
126
123
127
131
134
125
136
142
138
113
113
113
113
128
120
128
128
127
137
129
125
126
131
126
129
131
127
124
123
126
130
131
123
128
131
133
127
132
135
130
126
125
132
126
126
122
129
125
136
129
126
125
132
129
124
134
128
132
124
127
125
130
131
130
129
128
130
127
126
132
134
127
134
111
111
126
130
124
122
134
126
133
135
131
118
133
129
125
126
126
131
133
125
130
131
128
125
123
149
144
153
151
142
125
125
124
124
119
129
130
129
129
132
125
133
130
128
132
134
123
143
130
125
132
127
125
126
125
125
129
128
126
129
130
131
123
138
136
137
131
136
125
123
139
130
125
128
126
122
126
122
121
131
127
122
121
129
125
127
143
125
127
126
125
126
130
123
128
132
131
126
128
131
125
126
138
139
135
131
126
123
132
124
124
138
127
128
120
131
134
137
146
141
139
139
130
125
137
139
127
136
131
129
130
123
128
129
128
126
136
122
136
134
134
124
126
131
129
128
128
125
128
128
125
133
134
134
128
134
126
125
127
117
126
126
125
126
126
127
125
130
118
126
125
135
132
128
132
128
123
131
128
124
132
123
127
132
135
128
122
136
127
128
129
130
124
131
123
127
131
126
122
119
126
125
130
126
128
132
127
129
140
142
146
143
126
124
131
132
129
127
127
130
128
129
126
125
126
126
131
128
136
128
123
122
132
132
118
131
128
133
132
127
130
127
128
128
129
133
133
131
128
130
127
124
126
129
128
125
134
134
130
134
121
128
126
124
126
128
123
125
127
124
133
127
118
115
127
126
123
128
127
135
133
134
128
130
126
126
122
127
125
123
127
124
135
130
135
129
124
132
130
131
134
132
128
111
104
107
107
105
109
107
100
106
109
110
105
132
128
130
125
125
126
130
125
128
133
124
125
124
134
135
127
125
131
121
132
124
129
133
121
127
125
124
135
127
131
125
127
125
124
133
129
130
125
126
118
130
135
137
132
133
128
134
137
132
142
136
112
112
126
137
126
129
127
131
127
121
128
131
139
125
125
135
125
133
118
127
127
125
132
125
130
134
127
129
129
125
150
149
150
148
137
134
126
127
128
126
124
123
130
127
128
128
131
125
129
127
128
131
125
125
116
124
127
135
125
131
128
125
125
128
123
125
126
131
136
127
125
120
113
113
123
127
125
134
130
134
128
135
130
124
128
126
129
131
127
123
127
128
135
128
128
126
126
128
136
134
136
136
131
127
125
124
125
132
129
126
136
125
127
127
133
129
119
129
117
127
124
126
119
123
125
124
127
127
134
124
130
111
118
111
128
135
133
128
126
132
123
127
123
125
126
127
129
133
124
128
127
135
125
129
131
126
125
124
126
128
126
126
127
125
132
125
126
125
133
135
125
135
132
128
126
132
124
133
131
123
130
125
118
128
128
128
116
121
121
125
127
133
133
133
126
125
124
136
132
130
125
131
124
131
129
131
130
125
132
125
130
129
136
124
123
123
137
126
127
127
129
131
127
132
127
128
125
125
125
135
128
128
134
122
125
124
133
138
131
134
130
129
126
132
127
134
127
126
125
129
128
123
127
126
115
126
126
125
125
126
126
124
127
131
127
137
125
128
127
127
