0
0
0
0
0
0
110
195
108
176
112
202
429
238
400
389
308
380
504
583
568
486
403
537
733
745
650
631
645
689
902
876
908
849
907
910
1142
1161
1148
1129
1114
1157
1420
1345
1430
1399
1262
1379
1585
1403
1462
1503
1440
1502
1710
1678
1718
1697
1696
1760
1966
1942
1946
1949
1914
2051
2202
2227
2232
2165
2165
2141
2171
2241
2107
1934
1929
2116
2241
2250
2140
2155
2176
2314
2357
2387
2399
2402
2293
2530
2601
2621
2500
2677
2508
2750
2806
2916
2684
2591
2847
2851
2902
2901
2888
2752
2728
2872
2976
2805
3026
2927
2777
2902
2944
3060
3063
3035
3057
3139
3146
3103
2921
3095
3027
3079
3106
3067
3065
3145
3140
3258
3307
3394
3392
3368
3429
3577
3613
3699
3701
3717
3788
3965
3961
3988
3995
3959
3983
4102
4126
4119
4099
4062
4110
4189
4080
3976
3830
3872
3989
4161
4177
4123
4134
4194
4259
4342
4402
4404
4395
4339
4387
4541
4459
4558
4556
4639
4700
4818
4879
4871
4911
4965
4942
5060
5133
5162
5264
5300
5318
5428
4984
4970
5153
5191
5243
5277
5012
4661
4836
4882
4944
5105
5061
5130
5347
5359
5341
5459
5465
5415
5389
5452
5358
5376
5352
5442
5579
5563
5415
5594
5530
5509
5771
5775
5785
5896
5903
5891
6056
6072
5965
6080
6077
6194
6367
6343
6159
6069
6059
6140
6312
6338
6318
6397
6354
6521
6619
6561
6579
6603
6638
6701
6751
6817
6766
6800
6856
7004
7113
7196
7192
7155
7170
7316
7358
7450
7467
7511
7504
7650
7711
7698
7637
7592
7637
7575
7671
7661
7675
7714
7750
7826
7934
7931
7957
8014
7919
7969
8087
8138
8117
8230
8229
8269
8307
8394
8394
8492
8438
8494
8642
8698
8736
8667
8637
8488
8660
8686
8733
8687
8741
8738
8828
8826
8946
8933
8863
8795
8975
9009
9132
9151
9166
9146
9326
9407
9487
9508
9584
9542
9682
9785
9844
9792
9786
9495
9657
9788
9839
9875
9856
9973
9975
10118
10045
10093
10078
9744
9880
10037
10090
10163
10208
10235
10372
10521
10559
10537
10444
10423
10540
10606
10674
10739
10746
10744
10885
10928
10920
10979
10928
10917
11002
11101
11053
11116
11112
11133
11245
11333
11348
11394
11267
11380
11363
11564
11474
11512
11533
11519
11662
11905
11855
11929
11805
11827
11890
12045
12035
12057
12121
12120
12102
12260
12183
12245
12230
12175
12261
12299
12369
12357
12284
12352
12442
12604
12664
12671
12686
12711
12753
12913
12663
12900
12881
12763
12870
13040
13125
13083
13051
13002
12976
13022
13072
12922
13113
12873
12893
13040
13077
13041
13151
13061
13034
13117
13201
13136
13152
13165
13241
13374
13375
13355
13380
13464
13525
13714
13711
13729
13752
13819
13794
13974
13990
13982
14041
14135
14181
14367
14381
14348
14383
14509
14446
14625
14625
14626
14707
14731
14739
14860
14880
14862
14877
14912
14936
14938
14980
14993
15103
15084
15159
15327
15272
15319
15260
15254
15349
15447
15387
15410
15553
15562
15716
15734
15660
15604
15713
15701
15912
15907
15976
16004
16090
16059
16246
16238
16315
16318
16399
16390
16568
16545
16321
16358
16428
16301
16418
16431
16487
16407
16414
16443
16618
16653
16701
16741
16847
16839
16942
16962
16931
16849
17055
17044
17105
17114
17116
17182
17397
17408
17438
17463
17492
17496
17700
17669
17709
17751
17756
17820
18002
18029
18016
18022
18022
18230
18362
18348
18357
18350
18318
18510
18664
18684
18698
18709
18652
18640
18789
18873
18795
18754
18868
18958
19025
19039
19030
19098
19033
19185
19255
19288
19292
19091
19228
19291
19394
19418
19493
19411
19466
19548
19772
19756
19791
19800
19838
19859
19968
19905
19988
19997
19975
20044
20174
20087
20118
20093
20176
20151
20255
20309
20371
20397
20438
20437
20570
20459
20543
20535
20512
20613
20661
20688
20754
20746
20776
20764
20896
20917
21013
21031
21076
21093
21107
21246
21264
21248
21199
21252
21292
21414
21495
21527
21584
21589
21757
21729
21815
21808
21773
21800
21951
21855
21957
21924
21932
21946
22072
22156
22167
22113
21995
22026
22196
22285
22248
22181
22183
22125
22282
22382
22361
22336
22315
22341
22513
22383
22433
22448
22406
22337
22492
22413
22513
22444
22460
22521
22702
22648
22731
22599
22709
22611
22803
22840
22799
22812
22741
22749
22944
22893
23000
23012
23008
23048
23178
23292
23375
23440
23434
23429
23530
23639
23682
23737
23745
23741
23928
24002
23986
24062
23978
23982
24158
24282
24327
24350
24307
24153
24310
24445
24195
24260
24248
24248
24471
24595
24701
24663
24663
24636
24792
24897
24711
24726
24736
24613
24707
24803
24758
24775
24654
24679
24763
24812
24943
24980
24981
24995
25149
25192
25318
25340
25395
25393
24953
25058
25135
25258
25246
25312
25443
25555
25610
25694
25731
25716
25808
25850
25703
25805
25797
25864
25928
25924
25987
25927
25918
26047
26111
26291
26288
26226
26191
26294
26352
26470
26484
26491
26545
26671
26521
26583
26580
26603
26560
26702
26737
26888
26846
26902
26857
27006
27076
26877
26829
26923
26823
26912
26948
27004
27104
26848
26819
26973
26918
27072
26919
26886
26953
27074
27063
27229
27194
27197
27253
27359
27392
27572
27223
27253
27148
27351
27323
27516
27409
27395
27363
27483
27482
27456
27670
27516
27445
27365
27466
27443
27550
26906
26940
27139
27130
27238
27190
27118
27181
27101
27108
27166
27120
27120
27076
26870
26908
27036
26832
26790
26363
26456
26365
26559
26555
26526
26525
26500
26491
26533
26647
26634
26536
26474
26434
26197
26481
26613
26002
26040
26072
26020
25484
26209
25550
25586
25599
25768
25758
25736
25687
25810
25667
25831
25748
25750
25857
25854
25855
25896
25826
25824
25819
25834
25682
25770
25693
25595
25733
25704
25640
25871
25797
25833
25756
25737
25672
25507
25494
25491
25422
25533
25442
25181
25201
24288
24418
24232
24345
24274
24186
24203
24210
23711
23644
23257
22462
23049
22440
22449
22435
21678
21686
21741
21819
21461
21487
20988
20988
19998
20013
20040
19324
19491
19092
18086
18090
17887
16138
15178
15466
14898
14202
13483
12986
12287
12044
6192
