0
0
0
0
0
1
0
12628
1023
17793
14394
14385
15389
15381
18784
18744
20640
20356
20465
20593
20557
24340
24296
23265
24239
22017
23832
24010
23955
23688
23543
22982
22500
21995
21767
21773
21698
21150
21188
21181
21068
21173
21017
22455
22272
21344
21345
21867
22820
23188
23642
23496
23642
23456
23474
23517
23631
22577
22577
22577
22577
22633
22255
21708
21707
21703
21558
21653
21711
21467
21728
21315
20804
20982
20982
19593
19750
19750
19302
19699
19334
19445
19473
19457
19430
19483
19497
18979
19301
19187
18982
18610
18235
18359
18182
18379
16972
17736
17282
16885
16548
16494
16493
17059
17007
16741
16448
16460
16236
16380
16037
16075
15724
16105
15735
15737
15629
15391
15183
15221
14647
15025
14632
13335
13419
14310
13947
14278
12128
13061
13313
12235
11888
11888
11888
12335
11828
12170
11461
11353
11353
11933
10821
10985
11583
11108
10533
10521
10758
10433
10468
10397
10380
10248
10222
10289
10032
10078
9994
10112
9920
9930
9933
9631
9869
9514
9391
9654
9200
8967
9208
8515
8806
7438
7554
7156
7444
6326
6203
5946
5951
5988
5988
5462
5819
5267
5142
5060
5067
4309
4807
3776
4190
4231
4251
4715
3706
3738
3930
3996
4061
3608
3873
3825
3910
3691
3607
3281
3267
3212
3127
2990
3086
2615
2343
2885
2211
2125
2054
1393
1765
1655
1121
1180
1179
1192
1119
680
651
388
576
303
266
34
1
0
0
0
0
0
0
0
1
0
0
0
0
0
0
0
1
0
0
0
0
0
0
0
0
0
0
1
0
0
1
0
0
0
1
0
0
0
0
0
0
0
0
0
0
0
0
0
0
0
1
1
0
0
0
0
0
0
0
0
0
0
1
0
0
0
0
0
1
0
0
0
0
0
0
0
0
1
1
0
0
0
0
0
0
0
0
0
0
0
0
1
0
1
0
0
0
1
0
0
0
0
0
0
0
0
1
0
0
0
0
0
0
0
0
0
1
0
0
1
159
643
312
120
1
0
0
0
0
0
0
0
0
0
0
0
0
1
1
0
1
1
1
1
0
1
1
0
0
0
0
0
0
0
0
0
0
0
0
0
0
0
0
0
0
0
0
0
0
0
0
0
0
0
0
0
0
0
0
0
0
0
0
2238
2243
2043
2484
1971
2319
2419
2720
2504
2862
2636
2584
2272
2274
1968
1721
980
1142
1184
1710
674
667
841
956
1123
1234
485
495
467
614
933
931
3534
3594
3595
1132
1113
3607
3608
3686
3685
3437
3146
2997
1944
2054
2226
2226
2518
1499
1803
1496
1980
1896
1889
1883
1896
2279
2254
2082
2335
2718
2731
1734
1734
2001
2118
1817
1379
758
825
541
595
599
636
139
251
288
288
629
244
987
986
723
676
834
572
985
1021
1093
1011
1690
842
1078
1253
1045
1505
1319
1319
1251
1008
995
1369
945
956
1224
286
310
310
426
396
382
0
0
0
0
0
0
0
0
0
0
0
0
0
0
0
0
0
0
0
0
0
0
0
0
0
0
0
0
0
1
0
0
0
0
0
0
1
0
0
0
1
0
0
0
0
0
0
0
0
0
0
0
0
0
0
0
0
0
1
0
0
0
0
0
0
1
0
0
0
1
0
0
0
0
0
0
0
0
0
0
0
0
0
0
0
0
0
0
1
0
0
1
0
0
0
0
0
0
0
0
0
0
0
0
0
0
0
0
0
0
0
0
0
0
0
0
0
0
0
0
0
0
0
0
0
0
0
0
0
0
0
0
0
1
0
0
0
0
0
0
0
0
145
1
0
0
0
0
0
0
14
0
0
0
0
0
0
0
0
1
0
0
0
0
0
0
0
0
0
0
0
0
0
0
0
0
0
0
0
0
1
0
0
0
0
0
0
0
0
0
0
0
0
0
0
0
0
0
0
0
0
0
0
0
0
0
0
1
0
0
0
0
0
0
0
0
1
0
0
0
0
0
0
0
0
0
0
0
0
0
0
0
0
0
0
0
0
0
0
0
0
0
0
0
0
0
0
0
0
0
0
0
0
0
0
0
0
0
0
0
0
0
0
0
1
0
0
0
0
0
0
0
0
0
13
566
566
132
566
875
565
285
333
322
0
508
900
904
0
45
49
49
1009
0
0
1
1916
59
59
59
1613
762
162
239
236
186
0
110
0
0
0
1692
969
687
1207
2007
2007
2050
1914
1860
2050
1910
1668
466
468
1539
867
593
453
0
0
275
636
625
1
11
0
0
0
0
0
0
0
0
45
0
0
0
0
1
0
0
0
0
0
0
0
1
0
0
0
0
0
0
1
0
0
0
0
0
0
0
0
0
0
0
0
0
0
0
0
1
0
0
0
1
0
0
0
0
0
0
0
0
0
0
0
0
0
0
0
0
0
0
0
0
0
1
0
1
0
0
1
0
0
0
0
0
0
0
0
0
0
0
1
0
0
0
0
0
0
0
0
0
0
0
0
0
0
0
0
0
0
0
0
0
0
0
0
1
0
0
0
0
0
0
0
0
0
0
0
0
0
0
0
0
0
0
0
0
0
0
0
0
0
0
0
0
0
0
0
0
0
0
0
0
0
0
0
0
1
0
0
0
0
0
0
0
1
0
0
0
0
0
0
0
1
0
0
0
0
0
0
0
0
0
0
0
0
0
0
0
0
0
0
0
0
0
0
0
0
0
0
0
0
0
0
0
0
0
0
0
0
0
0
0
0
0
1
0
0
0
0
0
0
0
0
0
0
0
0
0
0
1
0
0
0
0
0
0
0
0
0
0
0
0
0
0
0
0
0
0
0
0
0
0
0
0
1
0
0
1
0
0
0
0
1
0
1
0
0
0
0
0
0
0
0
0
0
0
0
0
0
0
0
0
0
0
0
1
0
0
0
0
0
0
0
0
1
0
0
0
1
0
0
0
1
0
0
0
0
0
0
1
0
0
0
0
1
0
0
0
0
0
0
0
0
0
0
0
0
0
0
0
0
0
0
0
0
0
0
0
0
0
0
0
0
0
1
0
0
0
0
0
0
0
0
0
0
0
0
35
0
0
0
0
0
0
0
0
0
0
0
0
0
0
0
0
0
0
0
0
0
0
0
0
0
0
0
0
1
