196
141
120
130
123
115
145
141
117
120
124
122
135
120
116
127
117
132
116
125
118
112
119
132
119
123
128
123
119
141
136
116
119
126
115
134
119
121
126
114
118
130
123
118
116
119
136
131
125
115
119
121
125
126
110
119
119
118
133
120
125
120
125
117
131
121
123
129
116
137
131
124
115
121
115
152
148
146
116
123
121
139
136
130
126
119
111
134
129
128
121
122
130
125
125
122
122
128
116
129
124
121
112
123
119
122
129
124
121
121
120
119
130
123
126
126
115
122
119
122
126
119
118
124
122
128
123
122
120
127
118
122
120
126
129
125
123
120
120
125
117
121
120
126
121
123
123
124
122
127
123
119
122
128
126
123
124
120
123
122
121
123
122
126
115
123
124
129
130
129
127
121
122
121
112
125
121
128
120
120
120
122
121
122
130
122
122
122
121
126
121
121
121
121
119
137
135
131
122
118
120
124
121
122
121
127
118
121
120
114
123
124
121
122
119
126
116
126
116
126
121
110
126
127
121
122
124
125
120
123
121
119
131
125
116
122
124
125
119
121
120
130
126
102
110
107
114
126
121
120
127
121
120
129
124
122
119
120
127
126
127
130
127
125
120
142
128
122
122
120
120
122
121
112
123
137
134
122
116
128
127
128
120
115
110
128
123
129
121
138
135
142
139
138
121
122
129
124
120
121
123
122
124
130
127
138
135
135
123
122
122
121
129
126
123
121
129
125
106
130
126
133
131
131
129
126
131
124
126
130
127
120
125
119
122
126
123
116
122
122
116
127
118
122
119
121
124
128
106
106
124
121
116
122
122
122
128
125
122
123
124
111
119
122
131
125
120
135
131
132
130
125
120
120
121
128
112
121
122
125
122
109
108
125
115
121
119
119
120
134
127
125
116
123
130
122
114
123
120
115
115
115
124
123
127
128
128
121
122
130
123
121
122
121
130
127
129
118
122
122
119
127
106
106
121
120
122
122
122
118
123
124
125
124
118
126
122
124
119
122
118
127
123
121
124
126
122
114
120
121
128
120
125
117
127
117
120
121
127
129
124
121
124
127
118
118
124
123
123
122
119
120
119
120
124
126
128
124
121
121
118
120
123
127
128
125
122
121
121
122
108
108
122
126
121
126
121
122
123
123
122
130
126
117
125
123
125
120
121
122
128
127
125
123
120
123
127
124
117
118
118
128
122
130
126
121
118
123
117
129
121
114
128
126
131
130
129
124
123
119
118
131
127
130
123
129
124
126
123
116
120
120
121
124
118
118
127
119
128
122
121
128
123
123
121
125
120
121
121
130
126
125
116
128
128
125
121
122
122
119
119
130
114
124
123
129
125
119
119
123
115
121
121
115
121
122
127
113
113
128
129
121
108
115
108
121
119
121
116
123
119
124
118
130
120
119
121
127
126
120
110
110
128
122
119
122
117
118
126
120
117
123
141
138
137
135
118
122
130
127
128
125
120
126
118
122
127
125
120
121
117
126
116
121
122
113
126
119
123
129
123
122
122
119
120
121
122
121
121
120
122
123
118
118
120
115
127
124
129
127
130
125
122
121
122
126
116
136
133
132
122
129
127
129
124
129
124
123
130
126
131
124
119
121
123
124
115
134
129
131
118
131
128
129
136
141
139
134
122
125
120
124
114
126
121
122
119
123
121
122
126
122
126
122
129
122
120
121
124
126
123
125
125
122
120
121
125
114
122
117
122
123
120
113
123
124
119
123
125
132
115
122
130
122
131
128
123
123
128
123
126
123
118
122
122
119
116
129
125
128
121
120
116
120
115
121
119
113
124
119
119
134
129
130
120
122
121
129
118
121
109
127
126
121
120
122
122
126
118
129
119
123
122
124
116
128
121
127
121
123
121
120
117
131
131
125
107
124
117
121
120
129
119
120
129
126
117
126
121
122
117
129
120
112
121
123
121
122
120
130
127
122
124
124
123
124
121
114
123
128
119
131
126
117
127
122
122
121
118
124
121
122
119
120
125
106
109
118
120
118
123
126
121
123
118
120
119
122
124
121
129
123
124
125
122
120
121
121
129
127
115
123
116
122
122
120
124
122
130
126
121
121
128
121
121
122
128
122
121
123
123
121
118
123
121
123
123
122
130
127
116
123
120
116
125
123
122
123
121
121
120
124
122
123
125
121
111
123
120
130
121
123
121
124
121
120
119
123
122
123
121
122
125
113
123
123
121
123
124
120
122
124
121
122
123
124
130
123
128
130
125
121
123
126
121
122
121
125
121
126
121
123
123
123
121
126
120
121
124
122
