327
297
307
330
297
288
282
299
302
309
302
291
305
300
284
308
319
292
284
282
300
320
281
317
303
304
318
314
284
305
297
305
298
302
285
283
306
285
295
315
304
322
319
323
333
323
303
302
307
303
305
306
302
300
291
283
298
290
322
314
311
303
311
313
301
326
310
301
296
319
316
312
305
288
302
286
326
303
300
289
301
284
313
296
302
287
288
294
302
310
302
302
291
307
307
315
326
290
306
282
302
312
292
287
302
290
289
295
309
303
295
296
307
287
285
299
292
291
300
309
283
301
309
283
289
290
314
295
294
286
297
303
304
307
308
315
304
288
288
299
302
294
321
303
298
285
310
304
306
287
289
289
283
317
299
334
314
314
326
339
287
302
304
293
290
306
287
290
295
286
286
301
301
315
303
289
307
289
294
294
298
291
289
298
290
305
287
301
316
313
293
301
308
284
373
377
299
317
298
308
297
303
284
286
312
301
304
298
298
308
305
304
294
288
288
292
287
295
292
295
297
283
305
304
305
298
308
301
294
286
303
297
288
286
296
286
318
300
297
292
305
305
299
289
289
309
300
286
308
303
303
319
299
293
295
286
317
308
305
315
309
300
308
296
295
309
299
299
304
290
302
289
285
297
297
318
327
308
306
300
287
289
290
298
285
294
297
297
297
296
286
289
287
299
293
289
293
309
286
286
302
305
295
307
303
291
284
296
286
304
298
291
284
286
314
304
304
306
302
295
285
322
317
313
309
302
286
305
304
295
290
297
285
286
300
299
333
343
331
327
309
298
300
289
306
313
286
306
306
313
303
296
287
300
293
286
284
299
285
302
294
310
296
286
308
298
290
305
309
297
295
285
315
299
298
289
294
299
283
301
293
301
306
329
329
329
335
307
398
434
438
444
479
456
320
305
320
297
290
303
301
311
428
436
453
462
465
469
428
433
440
432
446
479
458
421
449
448
424
463
433
437
442
440
432
441
281
282
308
312
320
320
320
297
285
283
304
303
304
303
284
291
284
297
304
291
299
292
294
284
300
306
301
283
290
314
300
291
287
298
306
309
304
293
291
290
286
299
297
290
302
296
296
292
314
283
295
307
290
292
305
289
289
293
288
307
288
285
290
309
302
298
295
283
307
307
294
296
293
307
288
287
298
302
319
299
284
292
304
309
290
305
299
282
290
291
290
290
292
300
296
332
338
352
333
343
319
301
311
278
278
285
293
298
296
298
299
284
309
309
299
310
314
304
284
306
297
289
296
306
292
290
304
292
288
292
304
295
324
331
344
339
325
288
303
296
291
301
291
291
296
288
307
306
286
284
312
290
295
296
307
289
285
317
318
347
330
317
330
297
288
286
318
302
304
326
348
347
355
326
296
302
300
288
297
307
282
283
292
295
286
306
303
297
283
295
301
306
300
288
300
288
318
297
289
297
302
298
289
284
287
304
303
298
291
311
306
283
288
294
304
299
292
286
305
308
299
319
293
281
307
298
300
297
301
295
297
292
305
308
300
302
287
290
315
289
289
306
305
292
305
304
302
297
296
287
288
290
302
282
301
295
305
303
290
309
299
306
305
286
307
299
282
301
282
307
285
284
301
302
302
303
307
309
305
302
303
303
290
300
298
285
304
299
289
300
287
304
307
303
281
306
303
287
306
300
295
299
312
292
306
287
290
302
301
297
289
299
297
300
298
305
302
296
297
303
291
296
288
305
287
438
438
443
443
457
481
412
435
392
452
453
472
344
339
393
384
365
375
310
305
297
289
290
284
290
298
306
287
295
285
305
420
421
428
469
472
494
385
444
457
442
444
450
475
418
429
476
409
457
452
438
402
439
415
445
291
296
291
405
410
427
464
470
470
296
310
311
311
311
304
306
301
287
286
305
312
416
439
440
451
476
479
415
418
406
443
481
474
433
419
456
433
454
406
323
324
337
301
299
288
284
432
445
450
454
454
458
303
292
292
306
280
280
306
378
381
403
417
458
460
356
378
375
306
289
294
294
313
313
322
338
386
411
430
455
450
490
319
309
309
303
295
395
423
453
464
470
472
315
300
292
292
292
305
312
313
315
310
307
307
307
307
278
278
322
317
317
329
391
441
462
473
475
496
391
433
451
417
481
453
333
346
341
341
310
296
296
308
308
308
308
305
308
303
284
285
296
296
288
288
288
295
298
296
305
305
306
292
292
313
280
280
298
306
308
298
294
314
307
308
300
298
379
385
403
366
411
303
305
287
306
309
304
306
304
309
317
309
304
304
307
307
322
316
302
311
316
306
316
