265
218
253
289
163
118
117
215
205
150
143
145
200
194
136
215
206
205
197
116
113
112
112
161
167
165
167
191
191
168
176
160
153
152
129
216
185
208
149
155
195
185
208
222
224
227
229
234
240
162
165
136
198
195
168
165
126
125
138
135
126
123
124
124
123
123
124
206
218
210
218
216
226
171
175
172
168
107
108
107
187
175
215
211
218
118
120
222
220
220
126
137
197
189
196
182
129
131
144
211
209
157
156
149
144
147
194
202
202
213
209
214
168
157
165
130
128
201
181
175
125
111
111
131
192
196
206
211
118
127
129
222
217
130
145
150
152
133
188
180
178
179
166
131
137
121
112
113
173
186
179
190
180
182
133
126
134
143
140
141
160
145
190
191
131
189
211
197
205
144
140
120
120
163
163
150
119
118
120
138
129
149
181
183
194
195
181
181
164
147
145
168
169
166
132
126
126
139
128
191
193
198
199
193
214
156
165
177
170
173
176
178
172
166
170
172
175
146
144
148
150
167
151
148
146
136
129
133
126
109
109
200
215
200
200
204
206
159
165
136
184
175
177
157
111
111
129
129
138
141
166
168
153
178
174
155
152
128
129
134
186
183
143
193
188
201
200
136
143
144
138
138
133
134
128
130
158
157
157
157
187
196
169
171
172
202
189
209
177
178
204
208
224
208
199
199
209
211
212
205
192
191
212
205
194
180
181
183
210
200
199
177
178
177
215
203
185
176
182
184
194
179
189
175
180
170
198
185
168
188
173
185
176
154
156
165
168
173
151
166
173
170
144
147
132
187
187
128
132
164
166
153
185
169
175
173
145
169
162
172
159
182
177
193
186
201
190
211
209
162
159
185
172
169
175
181
181
223
201
203
194
174
173
181
183
202
196
199
168
175
200
207
225
123
123
143
139
140
140
151
152
152
154
163
163
150
152
148
154
162
167
162
163
165
167
178
174
166
166
165
188
171
171
169
171
170
202
175
177
166
174
168
191
177
179
168
168
169
211
178
179
166
167
154
133
133
164
136
143
161
163
162
176
176
182
170
187
175
176
210
208
211
208
192
193
215
192
211
208
207
214
218
185
186
194
185
210
171
176
196
172
175
165
170
167
199
173
170
171
172
179
203
145
150
151
178
175
169
181
171
175
188
176
152
152
167
176
136
145
155
155
137
135
185
194
191
195
215
200
183
192
177
177
185
186
183
182
182
181
172
171
191
190
202
217
223
162
167
165
167
215
132
160
162
163
166
178
156
163
174
164
167
183
173
173
173
176
177
171
193
173
201
203
209
175
175
179
197
210
207
186
186
209
213
217
210
201
200
216
199
198
189
185
185
205
207
180
181
189
190
222
172
176
184
184
210
135
147
149
168
183
184
203
174
174
180
161
183
185
186
205
208
210
220
193
194
205
172
201
208
125
124
145
163
139
130
130
134
134
158
195
199
215
224
219
214
213
210
189
199
178
211
202
204
174
176
176
203
150
145
166
153
151
178
141
144
145
139
157
151
148
171
162
176
199
179
189
187
185
210
219
176
188
197
178
199
199
163
159
164
173
196
177
204
178
126
125
164
192
185
160
167
172
172
196
213
192
184
190
137
137
163
183
197
168
167
167
168
175
180
163
164
164
169
132
131
130
175
202
138
134
147
148
182
171
171
198
185
197
210
191
194
185
189
181
188
191
129
126
155
163
133
140
146
133
139
118
118
131
201
213
202
206
208
221
192
179
170
177
203
137
139
139
202
155
179
169
170
199
205
218
211
195
196
215
212
216
178
180
191
204
193
202
170
172
175
174
178
152
155
158
171
138
132
132
156
156
130
155
175
176
176
193
204
193
179
180
148
171
191
199
190
155
154
167
173
171
160
156
156
157
157
192
184
172
172
173
172
184
200
169
173
180
181
164
154
153
181
197
124
134
169
169
158
159
159
200
176
163
163
177
198
199
153
154
154
151
191
190
162
161
163
163
197
155
184
155
162
181
196
177
180
185
144
149
162
206
203
165
165
168
162
168
178
177
175
181
186
136
156
144
152
169
185
201
189
210
197
200
154
190
179
202
195
111
111
114
113
114
136
165
166
179
179
179
163
148
184
167
163
128
143
143
145
135
133
134
133
131
178
190
190
190
192
203
198
159
159
188
165
165
155
145
172
163
163
174
191
197
166
166
192
173
168
191
173
168
164
189
192
141
141
149
152
147
129
187
166
164
163
152
193
187
173
168
162
190
198
204
204
205
214
202
213
142
215
201
197
198
122
113
113
191
193
191
177
177
188
111
113
