0
0
0
0
0
0
0
0
1167
376
793
3893
4171
8270
7790
7791
8817
8399
8630
8189
8317
8145
8007
8007
7723
7581
7156
7440
6708
5992
5991
6368
5827
5565
5193
5184
4913
5004
4443
4449
4633
4808
4487
4732
4816
4296
4405
4405
3981
3749
3444
3466
3173
2286
2273
1360
1694
2233
769
1146
133
0
0
0
1
0
0
0
1
0
0
0
0
0
0
0
0
0
0
0
1
0
0
1
0
0
0
0
2424
937
1595
1802
2333
1865
1145
967
1482
966
446
794
103
11
0
0
0
0
0
0
1
166
899
984
984
192
176
926
155
36
1224
207
121
387
2058
682
1944
2125
2126
2784
2694
1853
3275
3137
3661
3740
4198
3969
3334
3026
3051
2414
2258
2923
3486
3537
3399
3696
3696
3600
3515
3938
3611
3278
2892
3790
3680
3198
3531
3689
3860
4037
4063
4057
3624
3857
3770
4175
3852
3885
3915
3583
3121
2697
2427
2147
2146
2272
1989
1689
1055
743
385
564
394
0
0
1
4076
3510
3927
3755
4662
4566
4977
4616
5258
4801
5700
5303
5494
5536
5816
6095
5454
7008
6749
7267
7485
8010
6877
8025
6576
8001
7522
7394
7386
7694
7316
8618
9002
8618
9659
9983
9588
9661
9634
9983
10431
9734
10403
10247
10246
9550
10591
10645
10494
10185
10184
10117
10213
10199
12407
10516
13122
13337
12046
12250
12087
12436
12754
11528
11728
11371
10520
10824
11123
10655
10652
10690
10752
9976
10242
10467
11224
11410
11483
11842
11608
12051
11210
10843
11020
10399
10288
10006
10006
9645
8975
9310
9674
9173
8714
8370
7926
7709
7483
7507
7450
7561
7067
6637
6610
6654
6278
6278
6081
5837
6115
5573
5470
5721
5678
5862
5868
5932
5682
5733
5729
5370
5447
4402
4999
4434
4548
4333
4155
4155
3900
3709
3306
3618
2968
3367
3024
3025
2944
3089
2812
2687
2354
2321
2166
2169
2275
2404
2324
2340
2160
1537
2152
656
373
573
429
332
159
50
1
0
0
0
0
0
0
0
0
0
1
1
0
0
1
46
0
0
0
0
1
0
0
0
0
0
0
1
0
226
1405
1231
1698
795
625
543
887
418
83
787
1415
498
1718
2041
2301
1318
1657
1639
1317
552
557
0
0
76
1114
152
1156
483
1434
1548
1474
858
743
1396
1688
2410
1327
2856
2727
2409
2518
2280
2218
2533
2638
2611
3274
2136
1992
1875
2143
1919
1918
1530
1428
1446
1008
553
563
584
0
0
0
0
1
0
0
0
0
1
0
1004
573
745
1299
407
74
14
0
0
165
169
0
0
0
0
0
0
0
0
0
0
0
1
0
1
30
11
75
0
0
0
0
0
0
0
0
0
0
0
0
0
0
0
0
0
0
0
0
0
0
0
0
0
1
1
0
0
0
0
0
0
0
1
0
0
0
0
0
0
0
1
0
0
0
1
0
45
2
0
0
370
1
24
24
0
0
0
0
0
0
0
0
0
0
0
0
0
0
0
0
0
0
0
0
0
0
0
0
1
0
0
1
1
0
0
0
0
1
1
0
1
0
0
0
0
0
0
0
0
0
0
0
0
0
0
0
0
0
0
0
1
1
0
0
0
0
0
0
0
1
0
0
1
0
0
0
0
0
0
0
0
0
0
0
0
0
0
1
1
0
1
0
1
0
0
0
0
1
0
0
0
1
0
0
1
0
0
0
0
0
0
0
0
0
0
1
0
0
0
0
0
0
0
0
0
0
0
0
0
0
2668
6307
5285
6461
9486
6309
9831
9815
9849
16828
15461
18581
18576
18586
19211
19403
19748
20030
20978
21200
20324
21294
21880
22179
21892
22114
21956
22028
22018
24112
24108
22628
23719
23865
24135
24053
23561
23781
23499
23681
23234
23368
23624
23093
23364
23219
23797
24024
24046
27259
23819
28230
28280
28840
28255
28633
28844
27099
26725
27055
25633
26344
26449
26005
26440
25886
26148
26148
25913
26478
26654
27261
26737
26707
27630
27775
27035
27778
27592
27642
27665
27345
27430
27571
27522
27481
27779
27976
27344
27317
26919
26901
26545
26550
26565
26317
26680
26565
26852
27496
27504
27164
27172
27310
27066
26962
26881
26601
26538
26558
26396
26148
25907
25899
25589
25441
24721
24715
24911
24935
24682
23566
23299
22295
23385
21252
21561
22132
21053
20995
20963
20502
20283
19293
19496
20324
19029
18762
18798
18017
18011
17974
17934
17779
17440
18093
17909
17528
16259
16594
16387
15786
15103
15488
14935
14282
14734
14928
14119
13840
13887
13827
13278
13752
13191
13274
13047
13028
13127
12966
12866
12482
12462
11966
12309
11224
11334
11749
11132
10873
11297
10864
11835
11725
12184
11451
11537
11049
10796
10276
10447
9545
10184
10361
9496
7644
8485
8335
7634
7608
6082
5811
5958
5720
6384
6574
6859
6448
5803
6256
6321
4457
4472
4911
4630
3492
3537
3168
1364
1595
2728
736
0
0
0
0
0
0
0
0
0
0
0
0
0
0
0
1
0
43
267
167
0
0
0
0
0
0
0
0
2707
3225
2628
780
838
936
768
0
0
102
0
0
0
1574
526
0
0
0
0
0
0
0
0
0
0
0
0
0
0
0
0
1
0
0
0
0
0
2354
2342
0
1248
1396
1394
708
585
0
0
1
0
0
0
0
0
0
0
0
0
0
0
0
0
1
0
0
0
0
0
0
1
0
1
0
0
0
0
0
0
0
0
0
0
0
0
0
1
1
0
0
0
0
0
1
0
