180
138
149
170
151
150
141
129
143
156
141
135
143
135
136
156
135
137
140
144
134
141
137
140
138
133
116
143
138
115
138
130
141
158
142
141
136
139
140
166
139
141
139
135
142
141
163
139
143
133
139
137
158
140
143
150
144
134
167
140
139
143
137
139
159
138
148
141
140
138
153
138
146
143
136
129
163
149
149
142
143
140
162
150
148
141
136
124
139
152
144
139
147
141
149
154
145
143
134
157
151
152
141
138
145
133
141
145
137
141
140
142
146
149
151
148
145
146
148
136
143
144
141
141
142
147
142
140
139
140
141
141
145
139
139
147
140
146
144
145
139
145
140
141
138
142
143
145
141
145
148
143
149
140
142
149
141
147
143
144
142
139
146
133
125
125
141
145
142
139
141
142
143
138
142
142
140
140
141
142
140
140
143
142
149
139
147
138
142
141
143
145
142
145
144
141
140
139
148
143
143
141
142
143
143
142
142
140
143
144
141
143
141
144
143
149
143
141
142
145
135
141
139
146
148
133
141
147
140
141
142
142
149
140
144
140
152
142
148
143
144
138
141
144
143
141
142
140
146
149
143
140
142
141
140
142
133
142
132
142
133
139
144
141
141
144
147
146
145
141
144
138
141
137
139
150
144
142
145
141
141
139
135
147
143
140
141
140
141
145
139
144
137
146
139
139
141
140
140
148
143
139
146
148
144
140
140
141
152
140
140
139
144
144
142
139
148
146
147
138
150
146
141
141
150
147
146
142
141
145
145
145
137
140
143
140
141
150
146
143
136
143
140
145
143
141
143
141
139
132
140
148
143
141
144
142
147
139
142
144
143
142
143
142
141
135
143
150
138
139
140
146
144
144
140
140
140
145
141
141
149
140
140
140
143
140
144
142
142
139
140
141
139
144
141
140
153
149
140
145
140
141
142
144
148
142
150
147
142
151
141
149
138
141
142
134
143
150
138
141
149
141
142
137
141
141
146
142
150
141
142
139
145
141
136
140
148
145
144
140
145
148
144
141
141
141
140
143
151
145
147
150
144
146
138
141
142
136
139
139
144
147
145
145
144
144
142
148
143
144
151
148
139
140
143
141
141
143
143
151
148
145
142
139
140
143
139
144
149
141
142
143
140
137
146
142
141
143
143
140
142
140
143
142
140
150
143
141
139
142
139
142
142
146
142
148
142
149
146
140
143
134
149
146
149
141
142
142
140
142
142
145
140
142
144
141
142
140
145
153
152
152
142
135
132
141
137
145
140
140
144
146
141
148
144
146
144
143
142
149
140
147
143
147
140
149
139
142
146
137
139
141
143
139
142
150
144
145
141
141
140
143
153
152
150
136
144
138
144
152
149
147
142
144
143
141
143
121
117
140
145
150
141
143
143
141
146
149
144
142
143
135
145
142
144
144
145
146
142
140
144
135
142
141
141
143
144
141
147
139
140
141
143
144
141
145
149
143
141
140
137
144
144
140
149
144
143
144
143
140
144
125
129
151
139
143
145
139
144
142
142
147
148
141
152
147
140
151
143
140
139
143
141
150
147
140
142
148
149
147
138
143
142
144
147
139
140
139
141
137
138
143
139
146
141
139
141
143
140
143
141
142
144
143
140
142
135
142
148
145
136
139
145
146
145
154
144
142
142
135
140
141
140
143
140
149
144
144
141
142
138
141
138
148
146
142
143
141
139
140
141
142
153
146
143
145
141
146
146
139
139
139
143
142
146
141
150
145
143
142
143
144
139
143
145
143
144
142
147
139
145
140
145
143
148
149
142
147
146
137
142
141
139
140
144
135
140
141
144
140
145
139
140
142
149
145
145
142
145
140
142
141
147
140
145
142
123
129
123
141
145
144
139
143
145
147
144
142
143
146
147
154
146
141
142
140
146
148
138
147
143
151
134
144
142
145
145
147
143
143
142
146
144
147
142
142
145
145
144
133
142
140
143
138
142
149
142
141
145
134
143
142
140
142
140
141
142
141
136
145
148
137
176
152
143
140
139
140
141
141
141
139
141
147
140
140
139
146
138
145
141
145
138
150
152
147
144
143
145
140
140
140
141
141
143
140
139
140
140
141
141
146
148
140
139
141
139
141
139
167
166
146
142
156
151
151
143
142
144
140
143
141
141
141
139
142
147
143
143
145
141
142
141
142
142
148
139
141
145
143
145
139
140
139
140
143
141
141
142
145
143
140
141
141
139
146
142
141
143
140
141
138
140
142
146
143
141
140
142
143
141
140
141
135
139
142
141
142
147
141
142
143
138
142
147
140
145
140
142
140
