193
183
151
138
113
118
130
146
136
115
118
121
114
117
129
123
115
118
110
119
124
121
110
116
106
116
143
139
118
125
122
118
134
107
115
116
119
118
143
139
134
130
128
116
111
134
112
114
107
107
143
133
126
120
119
118
139
131
118
115
115
117
117
133
116
111
117
120
119
134
109
118
118
107
115
141
134
118
108
121
122
133
120
118
128
125
123
136
133
116
108
114
108
121
125
115
120
118
119
116
117
122
123
129
126
118
120
120
120
117
120
134
130
128
121
113
119
117
128
125
118
120
123
115
126
117
122
119
129
125
121
117
119
117
121
121
125
120
111
122
119
113
117
137
135
134
123
118
126
122
131
130
129
128
124
129
126
133
130
127
118
131
128
119
119
112
125
133
133
133
121
129
123
128
125
125
118
121
122
126
125
125
121
123
121
111
121
114
122
110
110
116
115
121
132
135
137
122
116
116
123
118
116
126
130
128
119
128
125
121
139
124
124
127
112
118
123
121
115
120
118
116
112
116
130
125
122
116
131
132
132
121
124
136
134
133
130
125
127
122
120
119
125
116
117
116
120
127
124
125
119
125
140
134
133
121
117
128
127
126
124
119
137
132
131
116
121
117
120
119
120
117
122
118
115
114
118
113
118
118
119
118
120
117
122
123
122
116
128
122
119
121
129
125
121
124
126
122
123
125
121
133
130
126
123
118
122
136
135
134
123
126
121
121
123
122
116
113
114
120
123
120
128
124
120
122
122
125
121
118
120
117
121
116
123
117
111
117
123
114
128
122
121
124
116
117
122
118
129
123
121
112
119
122
118
118
124
121
130
125
128
123
116
120
120
123
123
118
128
123
121
127
123
125
119
120
119
126
124
125
117
121
111
116
109
118
109
125
118
128
123
137
136
133
132
119
122
119
113
123
122
122
120
116
121
120
133
130
128
121
120
121
115
127
125
133
130
125
119
125
126
121
119
111
124
114
136
132
133
130
125
118
127
124
120
130
126
118
121
119
120
123
129
125
118
122
121
126
118
122
136
134
133
132
124
119
127
126
123
120
122
122
121
117
113
117
106
124
115
122
121
121
116
124
114
102
102
102
121
121
120
120
141
134
137
132
127
122
123
126
125
116
113
126
123
127
127
120
136
132
133
123
109
109
121
120
157
163
172
175
177
124
124
126
114
125
125
129
119
131
131
133
133
123
119
126
120
120
129
122
120
119
120
129
124
117
128
121
113
124
122
119
117
125
118
121
122
128
125
129
129
129
124
121
113
117
120
110
117
128
126
129
121
119
119
133
126
120
120
126
120
123
128
122
118
117
123
126
122
120
121
119
120
123
113
117
120
120
126
120
116
121
120
122
129
126
126
117
118
120
114
115
120
121
122
134
131
127
126
122
118
136
134
132
129
126
119
137
134
132
117
124
121
121
124
124
135
131
131
117
116
111
127
124
124
117
125
120
123
112
119
121
122
121
123
115
118
121
127
118
116
130
123
124
118
123
124
123
126
123
120
131
125
121
123
124
119
123
121
118
109
130
124
128
125
115
128
122
118
112
120
123
116
129
125
126
122
121
118
107
121
137
136
133
119
130
126
133
129
128
118
120
114
117
122
120
111
127
122
125
118
120
128
122
122
121
123
116
114
128
122
106
106
111
137
133
130
124
121
125
123
122
114
129
124
120
122
121
121
120
126
124
113
122
132
128
128
117
126
127
128
119
130
124
115
115
123
121
126
124
123
120
121
129
123
123
121
120
128
122
122
112
119
121
124
117
119
113
120
125
115
121
116
118
123
117
120
126
127
121
119
123
120
113
113
120
136
136
137
134
119
120
122
124
125
122
118
125
124
127
117
123
125
117
122
119
122
119
120
121
122
121
120
121
116
120
119
126
132
119
128
124
118
112
128
125
124
112
127
125
122
115
114
108
108
125
118
124
131
125
120
119
111
122
111
128
125
119
117
119
116
109
109
127
121
122
115
121
127
125
133
129
123
118
120
121
123
124
118
128
125
128
122
121
113
123
120
121
123
121
111
125
119
120
122
114
114
122
113
120
122
130
126
122
125
121
152
153
170
182
175
121
129
124
120
117
115
117
122
117
125
120
115
120
122
119
130
128
122
123
119
120
130
126
128
123
123
114
117
124
121
133
130
127
125
116
125
117
123
118
120
121
123
121
125
119
130
121
127
122
121
128
124
122
125
123
129
124
125
120
121
115
121
121
121
129
118
130
120
105
102
105
104
103
104
123
121
119
122
127
122
119
125
125
118
118
124
123
122
121
