475
518
525
490
450
441
317
303
300
310
299
285
300
310
296
298
310
284
299
301
306
285
283
284
301
306
306
291
307
321
309
316
296
300
287
287
284
301
308
291
299
281
283
301
319
307
317
320
311
308
305
285
287
283
297
321
326
325
321
285
306
312
309
307
291
301
311
307
304
305
295
301
287
313
306
312
303
302
301
293
306
309
290
290
284
285
297
298
291
302
297
287
286
309
306
288
283
289
292
287
290
284
294
283
293
302
303
288
296
289
287
290
284
305
319
309
302
284
288
292
325
337
330
313
323
332
344
331
332
377
315
302
303
306
303
293
306
299
285
289
295
284
285
286
299
298
289
296
287
287
284
304
293
294
286
289
296
289
294
284
285
294
281
289
287
289
290
288
322
297
297
293
286
282
282
297
290
312
318
296
292
303
300
302
294
299
294
291
290
302
288
288
296
289
288
299
284
283
302
284
285
301
298
317
304
300
302
301
306
280
286
289
286
289
293
291
292
292
300
306
321
339
331
348
328
330
298
289
286
301
288
302
289
360
382
385
424
428
459
389
441
423
394
361
365
300
294
294
295
285
293
300
304
293
281
290
286
304
296
284
291
286
306
307
318
315
298
291
305
287
298
301
289
299
277
285
299
280
288
313
321
320
313
313
330
301
304
318
319
323
306
290
289
289
290
295
285
294
290
287
288
289
286
284
299
305
294
294
289
289
303
301
288
293
288
293
290
299
314
315
306
304
303
292
299
302
293
293
287
287
290
290
290
291
297
293
294
287
297
285
297
292
289
292
317
289
300
296
289
299
298
296
295
296
305
293
286
309
306
293
288
294
313
307
307
308
288
293
288
286
287
287
289
289
288
290
301
320
371
323
318
328
288
298
284
294
300
293
294
296
295
291
292
301
295
297
308
297
301
289
299
306
307
300
297
365
335
345
352
377
294
296
306
295
292
306
308
294
299
301
300
297
300
346
341
362
367
370
396
330
321
348
306
289
299
289
303
293
302
283
291
303
303
306
293
302
287
307
319
318
306
311
288
291
293
286
291
294
288
291
289
299
294
289
305
297
293
297
295
288
287
305
294
293
315
352
342
337
334
335
292
304
298
294
282
313
320
327
328
321
309
313
293
284
302
301
298
288
291
301
291
297
305
292
299
285
291
299
299
336
329
340
338
328
293
287
287
310
300
333
307
308
304
292
299
292
298
305
299
378
403
381
403
412
384
308
295
297
296
304
291
302
296
320
328
354
361
351
325
299
300
297
324
304
317
303
287
294
290
300
315
300
294
288
293
299
295
307
311
302
306
304
311
310
318
298
294
301
311
316
367
404
345
396
358
386
290
291
294
298
307
318
322
315
335
336
302
295
304
289
293
288
303
311
299
313
300
293
292
284
296
310
295
300
294
294
288
310
314
296
297
312
338
335
359
400
377
414
424
403
367
333
309
283
301
301
319
315
303
304
290
282
303
315
301
308
305
302
294
327
343
319
319
298
291
293
297
301
295
292
310
288
298
305
295
301
311
306
304
300
309
295
280
298
299
293
309
298
286
299
282
304
311
306
306
303
291
297
282
306
290
309
296
303
300
291
281
300
299
290
297
279
304
314
289
286
289
307
280
313
464
395
340
326
324
349
422
407
420
424
411
390
349
366
307
367
366
355
308
310
302
363
325
315
396
397
370
341
333
295
306
308
308
297
292
290
310
326
323
360
340
331
338
395
396
410
417
325
318
295
304
320
314
311
300
300
296
300
290
284
284
320
312
298
305
302
305
305
299
301
324
293
320
315
378
357
304
299
300
287
290
300
300
329
345
319
318
322
301
308
322
327
310
297
337
338
347
352
349
338
349
338
350
325
333
319
340
402
352
349
356
337
332
354
326
313
315
292
286
321
320
321
285
295
287
307
297
295
308
286
287
294
300
296
282
291
300
298
414
435
435
436
428
387
300
284
299
313
302
290
297
285
304
286
304
302
308
308
299
307
303
306
291
288
289
293
298
295
303
306
296
303
290
305
313
301
298
292
297
302
300
304
286
281
281
288
296
309
294
282
306
293
300
298
290
292
306
302
286
284
303
283
285
290
292
298
294
301
295
297
289
281
287
302
285
286
286
284
303
307
302
302
310
300
304
305
301
297
289
292
291
283
307
282
303
287
289
304
287
307
287
303
284
286
301
294
293
300
302
301
305
298
303
303
295
316
285
306
296
284
302
302
303
305
318
306
316
297
297
298
303
302
289
317
309
308
301
301
312
294
303
315
314
304
304
315
306
307
301
302
