322
291
288
279
291
291
293
277
281
284
300
287
287
284
289
285
315
283
258
283
280
291
277
280
275
285
279
276
299
280
286
280
279
282
294
278
274
292
281
268
299
273
290
283
278
275
309
281
284
274
278
287
296
280
272
268
285
270
295
280
281
277
282
289
294
282
278
281
277
280
298
272
276
279
270
287
278
292
268
274
291
279
280
306
277
276
281
284
282
292
276
266
279
284
281
286
281
279
281
283
287
282
275
279
278
283
280
288
263
282
283
282
283
285
285
282
280
284
290
282
284
286
283
290
278
