0
0
0
1
0
0
0
0
0
0
0
0
0
0
1
1
1
144
55
117
147
164
160
450
0
0
48
0
0
0
461
436
453
468
463
489
856
879
873
697
805
645
942
667
935
696
679
551
591
659
584
653
375
474
74
173
195
235
185
258
0
0
0
0
0
0
0
0
0
0
0
0
0
0
0
0
0
0
1
0
0
0
0
0
0
0
0
0
49
179
38
74
6
123
176
89
84
121
106
258
281
0
0
0
0
113
189
461
279
428
266
295
208
377
255
130
31
0
0
0
0
0
0
0
0
0
0
0
0
0
273
429
43
270
0
0
0
0
1
0
1
0
0
1
0
0
0
0
0
0
0
0
0
0
0
0
1
0
166
150
143
147
115
178
299
388
389
403
397
430
103
682
128
221
173
155
424
325
208
156
166
162
363
436
334
256
317
0
61
111
174
215
216
552
584
615
541
651
422
731
756
543
625
718
696
734
506
537
744
701
780
782
1046
1046
374
662
353
669
618
666
616
550
519
472
462
517
636
645
610
326
312
205
44
158
189
53
30
132
0
0
0
0
0
1
0
149
0
0
0
0
0
0
0
0
1
0
0
1
0
0
0
0
0
0
147
313
303
347
261
305
201
374
357
241
399
210
280
252
0
0
0
0
0
97
39
61
55
248
127
188
0
0
0
0
0
0
11
160
24
96
94
104
45
51
0
0
20
1
0
0
0
0
0
0
22
0
0
0
0
1
0
0
0
0
0
0
26
52
180
137
64
125
0
1
0
0
0
0
0
0
0
0
0
0
0
0
139
172
193
129
303
329
434
347
387
291
295
336
376
255
285
337
379
389
360
313
427
373
588
268
373
430
302
363
462
601
550
440
515
533
772
487
589
641
470
473
674
629
675
634
675
565
789
777
696
531
390
297
497
514
281
175
201
167
425
469
458
490
355
185
427
462
444
463
459
454
571
651
645
614
665
547
727
770
690
533
557
602
519
403
236
0
0
0
46
35
0
54
113
183
32
47
101
98
138
0
0
0
0
0
0
118
287
316
357
316
313
319
200
218
332
308
316
423
581
553
340
93
0
0
60
85
60
21
89
84
35
0
0
0
0
0
0
0
0
81
0
0
0
0
0
108
292
242
312
313
154
233
366
355
275
74
318
77
201
262
292
287
170
0
223
256
340
398
432
489
718
743
794
609
638
618
654
732
391
535
372
373
405
416
469
81
100
115
342
348
163
177
34
65
221
6
85
117
215
216
281
433
0
0
0
0
0
0
0
0
0
0
0
0
0
0
0
0
0
0
1
0
0
82
0
0
0
88
0
0
0
0
0
0
0
0
0
1
0
0
1
0
0
0
0
1
0
80
102
317
138
258
125
154
97
211
273
266
280
124
0
146
0
0
0
0
0
0
0
0
0
1
0
0
0
0
0
20
0
113
115
257
228
192
40
164
188
0
0
0
0
0
0
0
1
0
0
0
0
0
0
0
0
0
0
0
0
0
0
0
0
95
0
0
0
0
0
0
82
172
152
146
232
280
19
73
54
41
0
73
0
0
0
0
0
0
0
0
0
0
0
0
0
38
19
0
0
0
0
0
0
0
0
0
0
69
0
0
0
0
0
0
121
196
171
274
281
295
396
456
500
636
674
658
755
825
807
954
367
409
546
492
652
634
648
548
648
571
569
647
549
497
587
474
598
668
733
707
880
947
908
1077
682
1088
657
653
622
728
611
706
388
428
156
0
9
0
108
0
43
220
196
0
0
0
0
54
47
196
187
0
0
74
32
79
80
130
197
293
288
0
0
89
0
70
94
0
0
1
0
0
0
73
0
12
78
78
0
10
0
0
0
0
0
0
0
0
0
0
0
0
0
0
0
0
0
1
0
0
0
0
0
0
0
0
0
0
0
0
1
0
0
0
0
0
0
1
0
0
0
0
0
0
0
0
0
0
0
0
0
0
0
0
0
0
0
0
0
0
0
0
0
0
0
0
41
0
0
0
0
0
0
0
78
17
0
0
0
0
0
0
0
0
43
228
262
210
219
255
350
388
422
434
396
574
576
582
661
651
579
750
719
458
0
0
0
0
0
0
0
0
0
0
0
0
0
0
0
0
0
0
474
456
470
458
476
498
461
915
377
464
388
440
826
623
621
567
591
590
606
432
419
395
157
121
252
240
0
238
100
18
81
74
0
0
0
0
47
0
0
0
0
0
0
0
0
0
0
0
14
0
0
0
0
0
0
0
0
0
0
89
55
0
0
0
0
1
0
22
168
173
253
166
0
0
0
0
35
52
0
0
0
0
0
34
0
0
0
0
0
0
0
0
0
108
41
137
151
166
0
10
53
29
128
256
261
197
199
251
291
43
188
250
272
236
206
306
444
515
490
500
566
621
699
671
486
360
403
283
479
470
494
474
521
396
607
612
674
748
785
846
772
828
811
640
695
865
894
1012
844
836
945
728
797
955
1050
1086
1042
1111
952
1133
1124
1032
1146
926
956
1231
1272
1248
1374
1313
1372
1634
1550
1489
1507
1508
1436
1274
1127
1352
1117
1078
979
1181
884
884
984
990
1036
1233
991
937
847
851
906
870
909
944
985
1032
968
1166
1227
1157
880
938
744
930
1084
1003
1154
1245
1267
1481
1571
1284
1387
1265
983
1034
1220
913
874
955
996
1102
1187
1083
1030
1155
983
947
909
951
868
596
989
854
528
438
247
120
265
308
346
386
264
408
432
555
579
639
614
576
529
718
648
541
514
534
452
389
233
149
147
86
111
327
361
386
444
428
475
664
560
565
518
543
457
509
367
380
478
220
306
200
129
19
0
0
31
75
55
126
115
171
232
134
185
156
287
307
425
433
427
493
652
429
376
449
339
105
339
217
0
0
0
0
0
0
0
0
0
0
0
0
0
96
42
90
96
33
55
3
70
0
0
0
0
0
0
0
0
0
0
0
0
0
0
0
0
0
0
0
0
0
0
0
151
274
186
265
69
0
0
0
0
0
0
0
0
0
0
119
159
125
0
0
250
257
364
264
113
269
221
7
73
94
44
40
290
249
88
109
101
161
472
364
0
0
0
0
0
0
0
0
0
0
0
0
10
20
329
395
339
331
362
336
520
517
536
539
574
495
686
666
562
687
456
392
611
741
770
562
283
267
461
389
369
222
152
165
369
425
435
0
0
0
0
0
0
0
0
0
0
0
0
0
0
112
140
0
0
0
0
0
0
55
171
138
0
0
0
0
0
1
0
0
0
0
0
0
0
0
0
0
0
0
0
0
0
0
0
118
0
1
0
0
0
0
228
226
154
241
92
0
0
0
0
0
0
0
29
0
17
92
0
0
0
0
0
0
0
14
81
46
67
108
87
138
104
1
7
0
0
38
31
0
0
0
0
0
0
1
0
0
0
0
0
0
0
0
0
58
0
0
0
0
0
0
70
31
7
0
0
0
0
0
0
0
115
114
151
77
9
0
0
0
0
0
0
0
0
0
53
182
99
133
0
0
0
30
19
27
250
148
0
0
0
0
0
0
0
0
0
0
0
0
0
0
164
160
53
128
156
281
307
0
0
0
0
0
0
0
0
0
0
0
0
0
0
0
0
0
0
0
0
0
0
0
0
0
0
0
0
27
232
89
0
12
0
0
0
0
0
1
0
0
0
0
49
231
0
0
0
0
0
0
0
0
0
0
0
0
0
0
0
0
0
0
0
22
0
1
0
0
0
0
0
0
0
175
88
147
207
76
124
191
189
171
23
52
55
77
141
121
177
238
253
451
450
400
155
36
203
60
0
0
0
0
0
0
0
0
0
0
0
0
0
0
0
42
0
0
0
0
0
0
0
0
0
0
0
0
0
0
105
246
0
0
0
0
0
0
0
0
0
0
0
0
0
0
0
1
0
0
0
0
0
33
143
0
0
0
0
0
0
0
0
0
0
0
0
0
0
0
0
0
0
0
0
0
0
0
0
0
0
0
0
0
0
0
0
0
0
0
71
42
0
0
0
0
0
0
0
0
0
0
88
81
58
0
0
0
0
0
0
0
441
459
157
291
423
346
443
457
321
433
426
256
602
653
336
509
46
0
58
219
69
0
0
0
122
51
95
1
0
0
1
0
0
0
0
0
0
1
0
0
1
1
0
0
0
0
0
0
0
0
0
0
0
0
128
121
206
149
137
194
297
318
227
204
84
115
0
0
0
1
0
0
0
0
0
0
0
0
0
0
0
0
0
0
0
0
0
0
0
0
105
45
0
0
1
0
109
70
178
207
152
0
0
0
0
133
0
0
0
0
133
48
83
58
0
0
36
0
1
0
29
0
0
194
3
0
0
50
47
143
72
12
236
47
92
300
197
197
0
0
0
0
0
0
0
0
0
0
0
0
0
1
0
0
0
0
0
0
0
138
21
0
63
105
0
0
0
0
0
0
0
0
0
0
0
27
0
0
0
0
0
0
0
0
0
0
1
0
0
74
0
30
34
0
1
0
0
0
0
0
0
0
0
238
259
270
246
212
345
460
479
435
372
364
381
375
403
344
231
160
18
17
0
0
0
0
0
0
0
0
0
0
78
0
0
0
0
0
0
0
0
0
0
0
0
0
0
0
0
0
0
0
0
0
176
255
271
283
298
204
304
291
334
0
0
0
0
0
0
0
1
0
0
0
0
0
0
0
9
0
0
0
44
103
164
0
0
0
0
0
0
0
0
0
0
0
0
0
0
0
1
0
0
1
0
0
59
18
97
0
0
0
2
0
0
0
0
0
0
0
0
0
0
0
0
1
0
0
0
0
0
0
0
0
0
0
0
0
61
80
138
88
181
163
157
132
172
0
0
0
0
0
0
0
0
0
0
0
0
0
0
1
0
0
0
0
174
45
0
0
0
0
0
0
0
0
0
0
0
0
0
0
0
0
0
0
0
0
0
0
0
79
0
0
0
0
0
0
0
0
0
0
0
0
0
0
0
0
0
1
31
10
97
0
0
0
1
0
0
0
0
0
0
0
0
0
0
0
0
0
0
0
0
0
0
0
0
0
0
0
0
0
0
0
0
0
0
0
0
0
0
0
0
0
1
0
0
0
0
0
0
0
0
0
0
0
0
0
0
0
0
0
0
0
0
0
0
0
0
0
0
0
0
1
0
0
0
0
0
1
0
0
0
0
0
0
0
0
0
0
0
1
0
0
0
0
0
0
0
1
0
0
0
0
0
0
0
0
0
0
0
0
0
0
0
0
0
0
0
0
0
0
0
0
0
0
0
0
0
0
0
0
0
0
0
0
0
0
0
0
0
0
1
1
0
0
0
1
0
0
4
0
0
0
0
0
0
0
0
0
0
0
1
0
0
0
0
0
0
0
0
0
0
0
0
1
0
0
0
0
0
0
0
0
0
0
0
0
0
0
0
0
0
0
0
0
0
0
0
0
0
0
0
0
0
0
0
0
0
0
0
0
0
0
1
0
0
0
0
0
0
0
0
0
0
0
0
0
1
0
0
0
0
0
0
0
0
0
0
0
1
0
0
0
0
0
1
0
0
0
0
0
0
0
0
0
0
0
0
0
1
0
1
0
0
0
0
0
0
0
0
0
0
0
0
0
1
0
0
0
0
0
0
0
0
0
0
0
0
0
0
0
0
0
0
0
0
0
0
0
0
0
0
0
0
0
0
0
0
0
0
0
0
1
0
0
0
0
0
0
0
0
0
0
0
0
0
0
0
0
0
0
0
0
0
0
