377
372
331
300
332
348
343
322
287
289
287
285
301
302
296
310
300
293
328
302
300
290
283
291
283
309
304
291
309
293
298
311
298
292
297
287
292
287
312
322
312
316
298
298
320
289
295
304
289
304
301
297
287
285
303
316
299
297
300
286
284
302
327
281
281
309
277
311
322
310
311
301
293
288
306
296
287
288
288
285
298
322
285
286
287
304
291
298
302
291
293
294
296
295
294
299
292
299
299
298
296
289
288
300
304
285
291
289
291
303
289
310
311
301
305
289
288
299
305
295
289
317
315
324
297
313
292
294
313
302
297
304
298
307
295
296
306
287
294
306
291
279
291
286
287
289
302
289
302
294
283
284
297
287
300
286
295
291
288
300
301
298
323
310
299
311
326
302
287
294
311
291
293
300
281
312
305
306
293
297
290
303
297
287
301
288
298
292
288
298
308
324
318
297
297
300
288
286
291
319
293
309
296
295
298
285
289
293
291
289
302
284
303
297
313
298
291
291
285
301
295
287
305
315
300
297
302
296
283
300
301
287
288
284
301
300
298
287
290
292
284
287
298
283
305
286
305
294
280
289
307
292
294
294
314
304
303
290
288
294
294
290
303
293
294
296
361
352
347
303
289
301
287
286
302
302
315
288
312
295
296
292
300
287
313
284
297
290
297
293
295
299
295
306
298
298
303
289
285
300
286
301
288
296
285
304
303
286
309
289
291
287
303
286
293
286
301
287
288
298
316
310
298
311
300
283
323
317
332
307
282
286
292
287
298
304
301
289
286
312
282
283
296
287
301
292
292
291
286
306
319
309
300
303
289
305
299
296
297
299
326
298
306
304
284
290
307
296
306
290
288
297
320
323
309
309
308
309
310
310
307
310
290
289
297
285
300
293
312
316
314
296
300
297
292
301
303
304
303
299
298
281
304
296
291
310
306
288
292
298
291
290
299
290
282
291
291
295
310
297
281
300
306
315
299
299
306
299
299
295
310
289
303
300
306
309
303
308
302
291
298
327
322
310
317
322
320
318
313
313
310
326
308
282
282
287
282
301
288
310
288
282
304
290
284
302
283
296
291
292
302
290
289
287
314
315
312
328
300
297
305
303
297
285
318
302
308
308
300
294
295
295
291
305
298
294
302
295
307
306
301
314
293
298
308
285
285
305
282
303
298
299
302
303
305
311
312
309
304
286
283
297
295
288
287
303
306
300
299
316
302
309
308
285
290
300
301
290
293
294
296
302
294
309
318
302
315
287
289
310
290
289
289
285
310
311
303
313
303
301
297
302
297
300
285
303
321
287
308
306
306
296
290
291
293
300
298
300
323
297
290
301
287
307
300
286
305
281
304
286
312
292
286
296
288
287
300
309
281
285
305
294
294
288
288
287
326
326
318
303
290
295
302
298
299
298
286
304
301
295
290
301
281
285
280
321
302
318
305
305
291
289
298
297
289
292
295
286
284
307
311
328
308
309
313
323
321
315
311
307
286
286
295
290
288
289
290
301
305
298
287
278
285
301
286
286
291
302
279
299
304
294
291
305
303
297
298
280
312
294
285
285
295
288
295
297
289
288
288
296
309
294
303
299
289
290
288
286
298
313
283
281
304
294
300
298
296
294
284
306
305
294
290
293
300
297
292
311
297
300
297
289
283
308
283
292
291
304
317
309
306
300
282
301
302
305
291
290
291
288
286
295
300
297
293
292
302
311
300
295
302
296
297
288
306
308
289
297
290
310
301
295
295
305
290
292
301
303
303
297
299
297
289
289
292
302
305
299
298
290
301
319
305
289
300
296
287
304
295
303
301
293
280
296
297
297
303
292
300
299
294
303
292
297
297
302
321
300
295
302
296
289
297
300
298
301
289
298
304
294
293
290
299
301
300
297
297
282
302
290
282
294
305
305
286
291
300
287
307
301
293
301
297
284
295
309
288
302
303
288
306
285
302
298
290
290
294
293
295
288
302
314
289
283
300
293
285
304
290
308
301
303
310
308
296
302
299
294
305
285
285
287
283
301
285
299
287
301
296
298
306
289
311
291
286
301
303
317
301
303
307
297
296
286
299
308
309
306
304
306
297
293
296
304
302
301
293
287
284
312
309
296
296
302
316
283
301
298
285
298
306
307
285
300
298
293
310
284
281
308
309
310
314
304
287
288
293
282
288
289
305
295
314
307
296
284
298
299
295
298
290
289
304
293
290
290
303
300
301
284
278
319
302
285
286
304
298
309
325
300
302
305
295
307
283
303
293
300
312
304
308
308
302
303
314
306
302
321
315
328
