0
0
1
0
46
101
74
0
0
319
507
633
626
641
735
629
650
650
650
901
692
693
693
547
545
547
545
547
547
633
711
708
700
688
823
1561
1616
1594
1675
1757
1616
1618
1594
2267
2266
2607
2657
2657
2267
2048
2390
1870
1721
1712
2490
2360
2730
2731
2129
2127
2819
2799
2991
2990
4100
4100
4099
4337
4483
4238
4462
4336
4462
3636
3633
3636
3641
3808
3808
3809
3649
3640
6191
6103
6197
6249
6278
6074
6196
6196
6823
6666
6880
6865
6905
6870
6725
6848
6830
6890
6904
6692
7230
7196
7189
7214
8442
8447
8448
8443
8447
8447
8639
8651
8656
8563
8533
8649
8413
8418
11080
10395
10364
9123
10673
11612
11720
10673
10875
10866
10865
11613
11611
11620
11517
11510
11500
11277
13400
13399
13399
13398
13399
15846
16140
15210
15215
15218
16544
15569
15569
15543
15535
16566
16374
16164
15765
16520
16520
16519
16493
16439
17339
17339
16978
16809
17338
17338
17327
17706
17706
17918
17918
17781
17781
17781
18401
18401
18399
18374
18121
18655
18727
18481
18433
18430
18727
18561
19008
19123
18447
19043
19049
19018
20902
20856
20856
20810
19320
21146
21148
21148
21148
20998
20980
20608
20602
20599
20609
20634
20631
20764
20807
20807
20780
20776
20767
21144
21281
21337
21314
21771
21937
21934
21970
21888
23947
23935
23786
23493
23890
23969
24926
23981
23983
23982
23982
24175
24169
24335
24190
24186
24184
24181
24775
24775
24915
24980
24961
24931
25588
25484
25574
25462
25456
25488
25538
28729
26773
26281
29603
29505
28880
28751
28751
28708
29612
29685
29826
29825
29826
29825
29700
30295
30416
30416
30512
30464
30512
30428
30137
30182
29436
30261
30261
30252
29500
29553
29607
29606
29607
29666
29689
29762
29785
29785
29813
29831
29870
29843
29828
29756
29728
29791
29829
29554
29554
29553
29612
29660
29627
29643
29643
29638
29669
29715
29743
29720
29716
29753
29822
29146
29842
29162
29158
29167
29297
29325
29344
29325
29342
29345
29496
29398
28792
29510
29458
28805
28956
28946
28948
28949
29160
29108
29122
28978
28947
29437
29112
29776
29777
29272
29198
29214
29760
29716
29554
29616
29653
29640
29653
29485
29502
29598
29604
29589
29585
29609
29634
29598
29571
29577
29578
29273
29309
29340
29340
29355
29397
29379
29416
29327
29278
29335
29335
29385
29401
29392
29150
29137
29074
29057
28970
29591
29591
29509
29486
29726
29322
29386
29385
29386
29386
29462
29462
29538
29537
29541
29538
29626
29625
29608
29688
29622
29585
29679
29558
29616
29617
29619
29430
29539
29539
29553
29589
29099
29129
29219
29218
29185
29267
29209
28385
28451
28449
28496
28496
28497
28577
28630
28629
28665
28665
28789
28810
28810
28668
28947
28831
29050
29044
29025
28332
28316
29062
28437
28493
28518
28518
28531
28590
28607
28680
28705
28705
28743
28818
28799
28788
28782
28815
28800
28721
28848
28713
28317
28368
28409
28406
28387
28292
28502
28372
28368
28371
28254
28320
28323
28003
28385
28390
28036
28181
28176
28175
28102
28103
28430
28474
28132
28128
28132
28128
28267
28267
28283
28303
27613
27484
28346
27464
27778
27735
28110
28110
28139
28137
28158
28173
28304
28295
28330
28332
28373
28373
28488
28489
28475
28401
28332
28333
28444
28235
28253
28272
28294
28245
28211
28183
28181
28310
28521
28390
28389
28420
28393
28394
28472
28484
28501
28476
28482
27839
27870
27870
27870
27907
27907
28044
28022
28043
28045
28083
28094
28023
28141
28140
27422
27462
27479
27567
27567
27572
27620
27672
27688
27753
27754
27781
27834
27893
27902
27804
27805
27847
27665
27126
27566
27174
27173
27236
27276
27258
27307
27306
27276
27637
27676
27684
27518
27566
27566
27579
27645
27645
27311
27376
27442
27507
27507
27487
27524
27537
27626
27694
27694
27721
27557
27457
27732
27717
27663
27630
27611
27658
27636
27636
27558
27640
27431
27489
27500
27526
27527
27543
27589
27684
27699
27738
27730
27739
27781
27859
27815
27178
27178
27178
27254
27351
27357
27339
27353
27356
27457
27505
27502
27503
27509
27508
27501
27444
27491
27502
27424
27440
26914
27527
26922
26928
26941
26979
27112
27101
27093
26947
26298
26354
26435
26439
26434
26436
26497
26598
26571
26598
26486
26487
26403
26610
26598
26795
26811
26826
26812
26539
26276
26351
26359
26358
25246
25246
26242
26188
26116
25560
25562
25562
25562
25561
25615
25730
25729
25729
25730
25896
25894
25894
25795
25737
26026
25992
25563
25563
25578
25509
25629
25574
25566
25427
25444
24937
24937
25033
25029
25129
25107
25045
25337
25340
25219
25200
25324
25367
25351
24922
25315
25437
25437
25286
25633
25634
25652
25652
25621
25661
25572
25585
25595
25592
25534
25393
25392
25529
25474
25401
25532
25570
25569
25570
25582
25625
25645
25315
25315
25345
25342
25348
24831
24830
25382
24879
24894
24966
25009
25010
25010
25087
25083
25123
25120
25181
25169
24917
25001
24972
25198
24948
24902
24996
25080
25080
25080
25080
25080
25151
25058
25058
24957
24866
24987
25048
25257
25115
25116
24502
24482
25123
24623
24705
24705
24705
24705
24719
24783
24600
24862
24861
24600
24649
24705
24747
24772
24746
24773
24274
24591
24266
24554
24751
24375
24516
24483
24483
24432
24506
24433
24319
24362
23961
24030
24255
23745
23740
23603
23740
23761
23605
23646
23647
23691
23513
23619
23512
23558
23389
23602
23295
23454
23337
23377
23182
23220
23378
22498
22761
22809
22972
23101
22376
22459
22462
22626
22724
22614
22370
22343
22626
22696
22464
22411
22776
22776
22810
22698
22703
22412
22568
22480
22479
22183
22117
22180
22270
22226
22429
22448
22546
22473
22582
22497
23272
23265
23247
22903
23189
22816
22701
23008
22955
23009
24744
23621
23702
24012
26973
26997
27284
26781
26847
27587
27494
27587
27471
27336
27558
27436
27366
27424
27362
27459
27511
27385
27099
26934
26652
26808
26956
26505
26381
25864
26164
26439
25604
25624
25672
24861
25187
24687
25340
25415
25898
26030
26075
26390
26432
27198
27187
26416
26011
27012
26765
26772
27039
26980
27107
26546
27085
27264
26700
23766
25206
26042
23866
23793
21177
21330
22276
23205
23412
20182
21098
21305
19937
18983
19507
19081
19124
19586
13080
18521
