365
317
338
355
310
355
301
285
315
305
314
323
303
285
285
311
323
305
305
306
307
307
310
308
308
298
304
290
290
305
304
315
313
330
333
323
314
306
306
299
293
312
312
335
335
419
428
447
470
454
465
500
492
460
511
424
437
445
492
486
484
468
489
416
466
419
452
430
405
416
625
624
636
639
657
695
604
599
651
644
615
654
644
614
688
678
568
602
601
632
608
608
632
614
550
595
573
528
577
560
532
520
583
579
581
598
541
589
568
623
554
539
519
536
567
521
591
548
533
542
568
571
536
512
395
398
374
366
380
350
330
327
329
337
343
340
343
340
330
332
353
410
406
420
449
463
441
410
386
348
346
351
351
340
334
318
307
315
312
366
417
428
456
475
485
514
562
537
519
511
501
507
536
496
508
470
468
304
298
298
316
309
313
313
309
311
305
309
402
403
404
405
409
382
309
320
325
318
370
375
392
392
424
435
475
494
485
520
496
513
470
461
494
484
480
470
421
436
377
364
326
313
306
302
334
332
320
324
317
303
301
304
384
406
404
432
406
425
353
316
309
297
306
301
299
292
299
303
315
317
317
322
311
304
304
311
333
318
330
371
357
364
378
339
342
334
319
310
308
313
325
325
343
337
335
343
341
345
342
348
340
354
350
341
362
373
387
368
403
372
325
316
313
321
311
306
318
312
312
300
307
359
363
349
367
390
324
311
303
306
302
306
294
308
313
314
306
319
309
305
305
295
299
299
301
293
300
336
388
378
442
457
483
426
380
408
356
331
357
352
384
424
442
441
482
419
470
408
393
364
352
347
349
338
340
343
328
339
420
399
419
409
397
362
323
322
314
338
381
391
421
463
484
532
412
429
486
465
493
483
475
494
507
499
441
482
487
525
472
467
461
416
394
376
367
362
351
346
350
350
357
356
348
344
338
341
327
336
351
337
330
336
345
364
355
354
347
384
340
350
333
324
321
320
322
325
326
328
321
314
308
328
358
390
381
436
392
368
362
359
390
382
382
384
375
318
320
318
374
414
386
434
431
479
485
428
482
428
405
392
364
357
356
361
374
364
420
436
466
488
525
497
496
439
463
392
367
366
352
451
446
446
466
457
522
514
522
476
513
532
494
503
516
505
521
459
480
386
363
428
452
428
467
480
492
483
458
392
489
431
373
437
401
479
548
531
544
527
538
512
496
564
543
548
548
565
563
572
568
497
533
519
545
596
548
578
563
512
448
479
472
494
524
535
560
474
589
573
487
557
546
521
615
542
487
545
521
565
524
545
448
467
473
408
397
421
413
438
452
430
492
464
504
480
521
487
447
475
459
486
509
441
440
441
404
387
355
359
356
345
351
339
345
321
298
297
298
307
307
307
316
335
336
340
343
338
345
352
330
358
360
355
337
365
347
354
357
347
350
320
320
446
457
457
459
488
493
294
295
295
313
456
459
473
476
479
492
425
458
437
462
483
481
422
420
454
479
488
518
438
492
465
434
457
447
387
366
367
385
403
383
372
405
348
354
407
411
429
434
416
457
478
491
458
445
430
398
323
312
326
348
339
336
355
405
443
485
493
494
519
444
415
501
456
467
490
476
442
446
480
492
452
457
481
430
478
474
459
474
480
441
477
449
473
414
428
474
411
511
498
442
475
503
421
454
501
405
444
435
476
502
519
506
448
508
495
484
466
485
548
479
497
554
551
521
573
512
562
553
601
599
548
532
597
568
592
512
522
539
572
600
599
602
506
574
597
587
565
548
506
575
589
549
586
511
582
573
574
543
574
565
618
524
495
551
582
524
526
570
537
545
602
587
472
602
554
521
540
523
483
534
465
417
469
444
439
385
382
351
329
322
321
323
320
300
301
311
288
302
300
354
347
333
353
372
318
311
304
306
307
299
306
363
364
379
400
398
363
370
355
307
304
301
309
323
320
309
314
314
319
322
322
324
315
314
325
315
313
320
299
303
302
310
311
310
345
365
380
390
378
313
304
306
298
434
444
454
467
517
518
417
468
484
481
451
453
461
473
490
439
465
459
330
301
308
300
309
311
299
301
304
295
291
295
300
291
286
325
304
308
311
298
288
295
294
309
306
285
289
386
444
481
484
507
509
403
477
458
470
445
494
440
469
460
472
492
473
468
436
451
462
477
468
318
346
306
300
287
309
289
297
285
304
291
296
453
455
460
476
482
494
455
436
466
475
454
469
432
456
437
446
476
495
315
322
317
312
288
421
468
471
479
483
507
472
433
448
460
460
464
302
303
303
296
293
305
316
310
306
314
