156
137
122
154
131
119
119
108
108
128
120
127
122
120
144
148
146
127
124
119
118
138
135
124
123
124
115
130
125
126
113
116
110
142
148
126
101
107
101
100
125
101
106
111
111
99
139
108
119
96
96
96
125
116
125
118
109
112
132
118
112
125
123
144
137
111
123
116
107
115
140
112
121
123
118
118
134
115
146
144
144
140
140
124
129
143
149
155
134
117
118
119
128
125
127
125
128
125
128
116
124
129
126
120
118
111
123
115
127
124
132
125
121
115
124
127
128
130
129
118
117
125
119
117
121
113
128
122
122
112
114
121
119
107
102
115
116
126
122
119
118
110
101
103
96
100
104
107
119
113
111
121
120
116
124
116
111
153
159
162
158
131
128
132
132
122
119
132
128
124
123
123
113
131
122
126
125
116
123
125
119
123
127
108
114
112
105
127
118
120
123
124
125
121
135
154
146
155
153
145
130
122
120
120
114
119
118
126
120
117
122
121
125
122
124
118
120
112
118
121
125
119
130
124
120
113
128
125
121
119
126
119
131
129
121
134
129
127
114
125
120
120
123
119
112
126
121
110
116
123
118
118
122
115
125
126
121
110
129
125
120
117
121
116
117
118
135
132
125
119
118
120
120
122
113
113
122
118
123
115
122
122
121
123
120
129
142
145
147
140
119
119
132
127
119
119
126
120
119
131
127
118
114
126
120
120
119
120
120
119
122
125
120
119
119
128
123
120
135
131
127
117
120
118
137
133
133
119
121
119
122
129
122
110
119
117
119
133
128
124
125
120
120
124
118
120
121
117
110
129
124
117
122
111
127
119
129
126
129
125
121
118
124
117
129
127
114
119
118
116
117
119
119
119
127
120
116
116
120
126
120
121
116
130
144
150
150
150
132
121
114
117
116
117
117
118
110
110
129
123
119
126
119
120
121
112
136
134
120
117
128
123
117
127
123
117
118
116
116
119
115
125
124
119
117
115
123
118
114
120
122
129
127
117
114
112
111
123
118
121
116
121
119
117
113
115
116
117
119
123
118
116
122
121
119
122
136
133
133
121
119
118
117
128
123
119
122
116
129
122
121
120
117
109
109
121
122
118
121
116
116
115
110
119
126
119
128
124
123
121
137
134
133
129
124
127
124
128
118
119
122
116
121
115
123
112
136
135
137
136
127
121
118
112
120
117
131
125
122
121
123
120
120
121
124
121
119
131
127
126
121
121
118
128
122
121
131
128
125
119
129
124
114
118
121
119
122
120
123
125
124
128
124
138
136
135
118
124
116
115
123
120
129
125
131
126
126
131
128
120
115
128
126
113
128
126
121
125
119
131
129
125
113
120
127
126
144
138
117
114
126
122
119
111
126
118
118
118
119
120
121
117
121
134
130
127
121
127
124
121
121
124
122
122
120
115
116
126
123
120
117
120
121
122
116
121
120
120
118
128
119
115
119
119
117
118
130
126
121
124
122
119
128
127
125
125
126
117
138
133
131
123
119
113
113
118
117
119
116
121
120
128
121
115
128
123
120
115
122
121
130
126
124
119
125
123
118
117
131
127
116
124
123
121
119
114
119
130
124
115
127
121
118
120
117
122
133
128
119
116
129
124
119
122
113
128
124
122
123
123
121
121
130
130
132
132
119
131
128
121
125
116
120
123
119
124
114
131
128
121
120
122
123
121
117
128
120
118
111
138
134
132
120
126
120
115
119
117
129
124
131
126
125
111
119
115
134
129
130
121
130
123
119
117
119
118
126
118
126
115
117
114
121
123
136
132
132
122
120
119
124
121
128
125
126
120
117
109
114
113
120
120
119
127
124
120
118
118
123
117
123
117
127
123
123
120
115
114
118
118
118
120
122
119
110
110
123
129
125
119
117
119
119
119
121
128
125
127
125
117
118
125
122
121
126
121
132
125
125
119
120
127
117
123
121
111
117
117
120
123
117
118
123
132
128
121
121
112
115
124
120
122
119
120
127
117
132
129
130
121
119
128
124
122
126
121
119
127
110
118
125
114
130
127
120
120
126
122
123
120
118
118
123
126
118
122
123
119
125
122
137
133
133
120
121
121
122
120
116
133
137
147
148
120
121
122
117
121
125
116
120
113
113
113
124
126
123
117
119
116
117
124
120
118
121
122
124
120
123
122
125
123
123
119
121
125
112
121
121
117
118
119
123
120
119
122
136
133
130
123
117
122
121
120
121
120
124
114
123
121
118
119
123
125
118
121
121
122
115
110
116
120
123
121
122
122
120
122
121
122
121
120
123
123
118
121
120
121
120
119
