0
1
0
0
1
0
608
642
642
700
697
720
812
757
890
898
760
939
951
1016
1042
998
1058
1068
1202
1232
1248
1306
1298
1372
1486
1510
1477
1530
1534
1597
1743
1770
1907
1903
1969
1913
2054
2015
2020
2070
2107
2108
2231
2247
2246
2258
2306
2350
2406
2427
2506
2520
2533
2620
2681
2695
2798
2813
2811
2944
3107
3119
3205
3236
3234
3408
3391
3393
3429
3473
3483
3571
3530
3547
3585
3601
3688
3752
3739
3769
3791
3789
3892
4018
4030
3992
4060
4069
4097
4077
4050
4113
4130
4142
4225
4168
4236
4198
4191
4206
4114
4199
4237
4053
4055
4150
4175
4238
4221
4213
4236
4387
4381
4334
4392
4321
4342
4479
4511
4479
4449
4494
4490
4582
4626
4633
4611
4606
4598
4776
4769
4866
4850
4862
4879
4913
4952
4895
4933
4840
4835
4867
4871
4866
4877
4879
4919
4934
4930
4994
4817
4870
4822
4827
4872
4882
4845
4953
5039
5023
5020
5027
5018
5112
5096
5124
5063
5050
5051
5142
5099
5103
5073
5096
5059
5150
5210
5146
5198
5190
5178
5268
5291
5268
5311
5254
5253
5317
5303
5367
5358
5365
5405
5461
5457
5447
5447
5488
5520
5641
5638
5658
5638
5657
5629
5782
5797
5783
5788
5801
5751
5895
5860
5875
5895
5870
5887
6072
6085
6080
6087
6069
6102
6269
6213
6228
6256
6278
6273
6302
6386
6311
6326
6367
6358
6377
6354
6452
6457
6491
6512
6525
6519
6648
6646
6671
6717
6688
6657
6699
6703
6765
6763
6760
6748
6763
6774
6787
6801
6779
6833
6910
6911
6913
6927
6930
6916
6964
6990
6978
6942
6885
6885
6985
7011
7059
7056
7057
7021
7081
7081
7154
7136
7108
7140
7202
7203
7223
7208
7204
7218
7275
7279
7292
7312
7303
7367
7324
7350
7350
7345
7421
7360
7393
7417
7437
7454
7565
7614
7653
7717
7713
7714
7824
7861
7881
7863
7835
7870
8025
8029
8035
8025
8045
8045
8317
8316
8273
8302
8298
8298
8487
8530
8537
8476
8500
8478
8547
8631
8652
8652
8669
8603
8666
8756
8747
8765
8775
8807
8937
8996
8986
9006
8952
8950
8981
9091
8976
8997
8964
8986
9112
9128
9075
9114
9069
9118
9192
9197
9199
9201
9204
9244
9333
9337
9309
9313
9258
9312
9396
9400
9399
9433
9475
9450
9475
9465
9520
9541
9544
9566
9639
9678
9708
9791
9793
9800
9791
9869
9883
9923
9941
9919
9933
9974
9993
10104
10104
10112
10104
10167
10159
10247
10248
10270
10337
10386
10383
10421
10431
10486
10518
10545
10541
10588
10619
10587
10646
10609
10625
10713
10691
10743
10618
10629
10732
10694
10744
10717
10720
10705
10733
10818
10848
10877
10748
10763
10811
10925
10918
10921
10969
10966
11005
11079
11078
11115
11145
11137
11168
11218
11209
11205
11243
11199
11289
11311
11313
11265
11239
11268
11364
11330
11379
11391
11378
11366
11438
11444
11533
11512
11507
11538
11619
11645
11730
11705
11714
11734
11776
11792
11848
11857
11919
11882
11903
11905
11938
12040
12054
12030
12027
12015
12066
12178
12204
12195
12168
12040
12036
12141
12170
12127
12122
12172
12161
12343
12330
12329
12338
12409
12498
12918
12833
12658
12820
13131
13225
13598
13523
13525
13582
13566
13647
13873
13913
13813
13809
13892
13935
13956
14000
13946
13964
14033
14166
14179
14218
14195
14204
14235
14268
14371
14332
14254
14283
14333
14481
14496
14501
14512
14539
14563
14666
14591
14614
14552
14600
14710
14744
14792
14873
14886
14954
14963
14992
14986
15025
15042
15035
15069
15097
15082
15140
15167
15218
15265
15247
15244
15285
15308
15288
15382
15396
15388
15390
15406
15368
15510
15521
15505
15506
15605
15628
15623
15639
15519
15468
15586
15583
15676
15604
15610
15686
15729
15758
15775
15765
15783
15813
15860
15809
15853
15884
15902
15944
15975
15942
16051
16073
16072
16121
16172
16184
16263
16244
16318
16315
16341
16374
16447
16477
16585
16597
16606
16586
16640
16631
16713
16679
16603
16535
16598
16587
16412
16511
16404
16503
16514
16493
16475
16428
16515
16541
16594
16380
16485
16449
16469
16371
16365
16235
16418
16221
16086
16081
16064
16011
16020
15890
15784
15559
15626
15646
15618
15588
15541
15550
15245
15189
15151
14983
14956
14962
14904
14679
14881
14652
14452
14508
14555
14560
14228
14220
13811
13835
13744
13780
13748
13582
13614
13232
10321
9762
