145
130
142
157
133
128
130
123
124
145
126
124
124
124
149
145
137
125
132
136
123
149
128
124
136
138
124
141
124
123
125
123
126
141
131
133
130
124
124
143
124
132
128
126
123
125
144
137
121
126
123
146
137
123
116
137
129
122
144
134
131
123
127
132
141
125
125
127
127
125
143
127
123
132
123
125
143
129
125
132
128
133
129
140
132
128
127
124
126
141
136
132
130
126
134
135
128
114
114
126
125
130
124
128
139
132
127
127
135
139
133
127
132
129
126
131
125
126
127
128
127
128
131
127
128
131
129
134
128
126
133
133
139
126
132
127
125
127
126
135
136
134
128
108
127
128
130
128
126
129
125
127
124
127
134
135
136
126
138
124
132
127
134
125
124
127
127
131
128
126
121
131
120
128
121
131
126
126
126
126
119
128
127
126
133
126
135
135
132
128
129
126
130
134
127
127
132
129
136
136
132
134
130
133
130
129
129
129
133
135
126
127
130
138
128
121
128
128
132
131
138
135
132
131
127
130
129
133
136
127
127
131
122
109
109
129
126
135
125
130
127
127
130
121
127
126
127
126
136
123
127
129
127
126
126
136
134
130
133
133
133
120
133
128
127
136
128
126
130
128
120
128
129
128
126
136
128
131
127
126
128
134
130
129
128
128
129
134
131
128
128
128
127
124
130
130
128
129
128
129
129
126
130
135
127
127
135
138
131
124
131
127
136
132
127
134
130
138
128
131
119
132
128
136
134
130
127
126
127
130
131
123
135
127
127
128
133
139
125
127
129
128
127
132
127
128
129
128
136
131
133
135
123
128
128
128
132
127
121
121
128
130
139
137
127
126
134
131
137
130
137
134
127
130
131
135
128
127
138
128
127
126
131
132
128
126
134
131
137
131
126
127
127
131
131
137
127
133
128
127
126
126
126
126
138
131
128
129
131
126
130
132
128
130
131
114
114
121
131
130
128
128
129
128
122
127
137
131
129
135
128
127
110
107
109
111
107
126
134
131
127
111
132
134
129
127
139
127
126
126
123
136
131
129
132
126
127
118
110
110
133
138
127
135
132
128
122
132
128
126
129
120
133
129
127
125
131
126
131
129
132
126
131
128
125
131
130
134
129
127
124
121
125
134
103
120
127
123
126
128
125
127
127
141
137
136
128
129
132
124
127
124
130
125
133
136
130
130
135
133
124
136
127
129
127
131
130
127
128
139
131
130
127
134
135
127
134
127
125
127
128
128
131
134
131
129
138
125
127
127
129
134
129
126
130
130
129
134
129
127
131
128
132
127
125
126
121
128
125
108
108
114
133
134
128
129
127
129
129
126
128
131
131
129
130
127
133
125
132
126
128
126
135
136
129
128
135
127
130
124
136
112
116
126
121
119
132
128
126
131
127
134
127
126
126
133
131
132
131
126
127
127
124
130
130
129
127
133
130
135
135
134
130
132
127
130
127
142
134
132
130
128
131
130
131
126
131
127
130
128
140
127
131
127
136
132
134
130
125
127
126
134
132
126
128
128
126
130
132
124
126
134
124
127
133
132
128
125
128
139
127
133
136
130
121
133
127
137
123
129
126
126
131
139
127
127
130
130
127
133
127
133
127
127
124
134
132
136
127
128
134
127
129
126
130
129
127
130
127
132
129
129
128
129
127
126
126
135
132
131
127
129
127
128
125
132
130
126
128
128
129
127
132
126
128
120
136
132
129
132
127
128
128
130
129
129
130
133
127
127
131
126
128
126
129
127
134
127
130
127
126
126
127
136
132
128
135
128
126
131
132
130
125
127
125
121
128
127
127
127
127
130
132
126
126
126
125
131
129
123
131
127
131
133
135
131
129
127
128
128
127
127
128
136
130
127
133
126
135
128
133
128
132
130
136
129
128
134
126
129
126
131
126
129
121
128
126
126
104
135
130
127
128
136
137
125
135
127
127
126
133
129
128
134
130
129
135
128
126
133
135
130
133
128
127
133
130
130
119
137
128
127
126
134
134
130
126
128
127
126
128
132
126
129
127
128
137
130
135
137
128
127
131
127
126
132
127
127
127
128
126
126
129
130
134
126
139
127
127
127
127
135
128
126
129
127
128
133
130
134
127
129
125
126
126
127
135
127
125
129
127
128
132
127
127
135
127
126
139
127
133
128
131
127
139
142
138
137
127
129
132
139
134
129
128
128
114
127
128
121
127
126
132
130
129
128
127
128
134
129
127
129
127
127
139
127
132
128
127
131
128
128
127
133
137
128
129
125
129
126
128
129
126
127
129
128
127
132
131
130
