1
1
0
0
1
0
0
0
0
1
0
0
1
0
0
0
0
0
0
0
0
1
0
0
0
0
0
1
0
0
0
15638
15752
15629
15007
14771
14679
16400
15381
15369
15300
15190
15026
15029
15605
15602
14492
14386
14383
14988
14372
14367
15631
15041
14995
14957
14088
15120
18803
20748
20399
20003
19942
19890
23945
23961
23259
23248
20680
20555
31070
30832
30136
25520
25389
24244
24665
35251
34401
34318
34573
32335
32295
32598
36170
36009
36288
36155
35341
35833
35844
35849
35831
36156
35808
35177
35001
34396
34182
33454
33454
34112
32367
31217
30863
32666
33385
32816
33389
27787
27770
27612
29387
30523
30475
31044
28534
28059
27962
27956
28343
28376
27449
26954
27433
27942
28290
27113
27149
26282
26954
26510
25768
25304
25309
25301
24116
24158
24129
24424
24655
22736
23642
22985
23630
23913
23809
23858
22187
22133
21992
22281
22173
22591
22371
20964
20852
21058
21068
22483
22329
21047
21039
21498
21500
21418
20634
20601
21340
20423
20403
19767
20014
17993
17837
18069
18799
18503
16889
17230
17401
17328
16244
16226
16149
16225
16221
16494
17224
17648
17492
15781
15744
15979
16179
17851
17549
17706
17814
17855
17494
17501
16395
16408
16454
17083
17474
20206
19295
15283
15662
15648
21204
21273
21249
20276
19524
20857
25110
21032
21226
21222
21207
21452
26985
25180
25008
25278
29429
27910
28342
28507
28631
28963
29523
29008
29491
29660
29712
29213
28872
29016
28931
28916
28073
28594
28370
28677
28687
28915
28517
27442
27426
27998
28085
28072
28100
34420
35278
35644
35644
35465
35226
30899
41853
41579
41496
40579
35619
35838
35894
42036
41712
41938
41566
41413
41314
41569
41687
40220
40250
40780
40710
40652
40690
40994
43128
43226
43273
41762
41451
41709
46108
45767
44857
44806
45214
45151
45396
46361
46823
46337
46251
45691
43980
44267
44728
44832
44760
45058
44921
43862
43887
43808
43314
43306
42906
43247
43547
42680
42332
42307
42341
40477
41512
41514
41677
41522
41912
42024
42407
41796
41785
41680
41939
44909
45213
45620
45911
44810
44791
44781
44913
44990
44452
44599
44462
44949
45161
45197
45239
44842
44830
44111
44394
44667
44652
43466
43240
43870
43736
43891
44237
43917
42766
43003
43061
42770
43251
43458
42204
42242
42305
42637
40991
41041
41238
42187
42133
39541
39292
40066
40356
40868
38520
38419
39386
39366
37620
37613
37911
38126
38280
38278
38762
38039
38030
37773
37762
35756
35939
35953
36167
36424
37037
37625
35403
35467
35822
35809
35751
35658
35661
36165
36365
35512
36221
36059
36478
36536
36696
36560
36858
35832
35805
35760
36061
36164
36150
36256
36392
36891
36888
36114
36048
36014
36294
35896
35982
36166
35958
36208
36051
35481
34995
35012
35297
35279
35279
35279
36068
34629
34879
35053
35023
32988
33013
33205
33262
33183
33495
34546
32757
32282
33017
32924
33413
32656
32134
32999
32210
32420
32552
32626
32714
32431
32408
32402
29090
30983
31807
29701
29342
30293
28547
28828
28371
27894
28143
28280
27810
27311
27311
27466
26247
26966
26716
27363
27270
27169
26894
24901
25135
25428
25544
26143
25458
25456
25586
25508
25240
24984
26249
26496
26905
26019
25884
25435
25412
25570
25827
25824
26083
24739
24998
25348
25258
25435
24293
24588
24826
24227
24250
24496
25032
23953
23880
24413
24496
25005
25069
25080
24419
24261
23996
24047
24434
24170
22219
23013
23818
24357
24319
24083
24329
22651
22142
22243
22300
22521
22248
23496
23616
23392
23936
23649
31493
31485
31940
31253
31749
32442
32683
31871
31460
31541
31974
37393
38121
37842
37842
37490
37573
38814
36963
36977
37028
37356
37349
37708
37426
36371
37042
37078
37011
36857
36293
37005
37533
37964
37954
37599
38277
38346
38739
38860
38728
38591
42485
42538
38196
38297
37971
43444
43615
43690
43885
43961
43993
43688
43373
43044
41268
41578
41695
41821
42335
41977
42819
41189
41329
40382
40370
40362
40368
40394
40503
40618
38877
39192
39873
40543
39121
39161
39031
38739
38491
36729
37245
37364
37458
38516
38357
37576
36205
36416
36663
36873
36591
35566
36073
33848
33979
34158
34425
34574
34929
33239
33536
33820
32951
33022
31429
31616
31408
32328
31808
32804
32485
29110
29274
29356
30519
30368
31601
29132
29410
29316
29302
28546
28730
28885
28852
28371
28674
28485
28050
27738
25952
26291
26866
25786
25564
25568
25165
25153
25472
25567
25005
24709
25010
22634
23423
23726
24504
24490
22842
22664
23099
23068
22707
23015
23226
22252
22584
22845
22849
22538
22538
23162
23586
21735
21718
22001
22336
23210
22467
22580
22352
20079
20598
20875
22614
20075
21905
19146
19146
19146
19488
19911
19529
19349
19166
17580
18497
15538
15857
15860
16322
15743
16359
16006
15606
16273
16019
16028
15698
15659
15513
15176
12380
12998
14049
14688
13911
14876
14957
13007
12673
12558
12857
12001
11883
12620
12151
12393
13164
9842
9903
9867
9901
10864
10837
12393
12752
13074
13306
14070
11180
10042
11450
12219
11999
12224
11639
12442
12551
10708
10385
10234
10656
10109
10668
9073
8427
9093
8887
9148
10073
7949
8550
8695
8014
8729
8728
5739
5747
5987
6260
7275
7942
5597
5574
5991
5878
6056
6112
5771
5082
4926
4656
4664
4190
4989
3910
4025
3982
4306
4237
4672
1298
701
2529
2155
2753
3166
3523
1014
1173
535
391
338
181
80
0
0
0
0
0
0
0
0
0
0
0
0
0
0
0
1
0
0
0
0
0
1
0
1
1
0
0
0
1
0
0
1
0
0
1
0
0
1
0
0
1
0
0
0
0
1
1
0
0
1
1
0
0
0
0
0
0
0
0
0
0
0
0
0
0
0
0
0
0
0
0
0
0
0
0
1
0
0
0
0
0
0
0
0
0
0
0
0
1
0
0
0
0
0
0
0
0
0
0
1
0
0
0
0
0
0
0
0
0
0
0
0
0
0
1
0
0
0
0
1
0
0
0
0
1
0
0
1
0
0
0
1
0
0
0
0
