0
0
1
0
0
0
0
0
0
0
0
1
0
0
0
0
0
1
1
0
0
1
0
1
0
0
0
0
1
0
0
0
1
0
1
1
0
0
0
0
0
0
0
0
0
1
0
1
0
0
0
0
0
1
0
0
1
0
0
1
0
0
0
5118
5009
3957
5427
5415
5556
5874
1
0
0
0
1
2846
2836
2800
2861
3103
3049
3345
3923
3916
3957
3886
934
811
1232
1319
1232
1345
2130
2218
2477
2390
2589
0
1
39
346
227
585
594
756
0
0
0
1
0
1
0
0
0
0
0
0
0
1
0
0
0
0
0
0
0
0
0
0
0
0
0
0
0
0
0
0
0
0
0
0
1
0
0
1
0
0
0
0
0
1
0
0
0
0
0
0
0
0
0
1
0
0
0
0
1
0
0
7430
4252
4207
4174
5514
5353
5187
4883
4293
3538
9306
9796
9789
8802
8503
7948
8481
7963
7317
7072
7072
16035
16287
16274
16541
16449
16487
14336
14496
11137
11565
11805
16069
16058
15966
16491
16458
16493
16502
15722
15597
15324
16111
13596
13932
13932
14031
14443
14827
15646
15487
15437
15718
15768
13136
13640
13606
12597
13115
13091
13078
13016
13013
13359
13352
10240
10233
10754
10228
11042
11210
11631
9826
11589
9631
11582
11579
8818
8948
9420
9783
9760
8408
9747
8430
10484
9875
9870
10489
7555
10488
7523
7186
7832
7888
8151
8075
8407
8407
8354
8193
8156
6980
7236
7236
7379
7342
7405
7725
8163
8220
7773
7802
8418
8435
9268
8930
9074
9473
9474
9490
7292
7398
6965
7474
7556
7507
7571
7619
7919
8158
8626
8606
8540
9594
7594
7993
7710
7809
7989
8152
7322
7321
6968
6988
21479
21329
21489
18000
14027
14339
8957
8879
8898
9284
9598
19809
20191
20038
20122
20174
20094
19929
20656
20836
21204
21166
18700
18811
19072
19004
18992
19603
19783
19807
19608
19636
19575
17576
17567
18167
18164
18448
18336
18339
19042
18093
18569
14309
15093
14353
14948
15657
15608
15913
16189
15895
16346
17827
16608
13764
13704
13510
13904
14199
14716
14437
14314
14320
14354
14320
12156
12110
12109
11970
11708
11692
11552
13073
13024
13011
13011
10114
10260
10215
10300
9787
9780
9761
9592
11516
11725
12161
7226
7299
7466
7881
7740
7796
7794
8513
8597
8861
9313
9511
9185
9230
8196
8676
8609
6838
8655
8678
6791
6486
7080
5119
5517
6123
6165
6302
6663
7595
8529
8655
9093
9416
4346
4466
4713
4300
4303
4465
4759
4385
5405
5255
5217
5825
6066
6090
7340
5779
5393
5492
5238
4195
3828
4445
7937
8390
8775
8795
8777
9181
6652
6616
6696
7066
6795
7427
7160
7397
6656
6972
7427
7505
7944
7565
7507
7647
3976
4803
4665
3704
5303
5846
5851
5869
5918
7298
7553
6839
2172
2493
3164
3157
2886
3116
3167
3477
3586
4025
4313
1047
0
0
0
0
159
168
663
929
1148
1505
1
13
727
1019
1252
1495
1698
2354
492
728
0
0
0
0
0
0
0
0
0
0
0
0
0
0
0
0
0
0
1
1
1
1
0
0
0
0
0
0
0
1
0
0
0
1
0
0
0
0
0
0
0
0
0
0
0
0
1
0
0
0
0
0
1
0
0
0
0
0
0
0
1
0
0
1
1
1
0
0
0
1
0
0
0
0
0
0
0
1
1
0
0
0
0
0
0
0
0
0
0
0
1
1
0
0
0
0
0
0
0
0
0
0
0
1
0
0
0
0
1
0
0
0
0
0
0
0
0
0
0
1
0
0
0
1
0
1
0
0
0
1
0
0
0
1
0
0
0
1
0
0
0
1
0
0
0
0
0
0
1
0
1202
0
1
0
0
0
0
0
0
0
1
4353
4681
4859
2534
2366
2437
1865
2371
911
1119
1214
5200
5282
5592
5609
5522
6302
5189
5153
5057
5637
4923
5828
5744
5704
4573
4637
4847
4796
4737
3831
4675
7951
7292
5162
7264
6471
8376
8382
6775
7389
7644
7580
6272
6290
10750
6409
6339
10623
10619
10750
10733
5653
5635
5205
5356
5840
5914
6789
11017
11056
11036
11460
10060
9861
9742
9973
10059
10148
10239
9608
10032
9948
10387
10351
10555
10488
10551
10859
11065
10736
8494
8402
8293
8270
8403
8001
8526
8528
9064
9108
9092
5914
6061
6346
6603
7326
7512
7467
7801
7806
7878
8155
3382
3422
3349
3643
4303
4541
4655
5269
5558
1425
5597
5637
136
941
1440
1922
1860
1167
1643
1961
2513
2577
2488
0
0
0
0
0
0
0
0
0
0
0
0
0
0
1
1
0
0
0
0
1
0
0
0
0
0
0
0
0
0
0
0
0
1
0
0
0
0
0
0
0
0
0
0
0
1
0
0
0
0
0
0
0
0
0
1
0
0
0
0
1
0
0
0
0
0
0
0
0
0
0
0
0
0
0
0
0
0
0
0
0
0
0
0
0
0
0
0
0
0
1
0
0
0
1
0
0
0
0
0
0
0
0
0
0
0
0
0
0
0
0
0
0
0
0
0
0
0
0
1
0
0
0
0
1
0
0
0
0
0
0
0
0
0
0
0
0
0
0
0
0
0
0
0
0
0
0
0
0
0
0
0
0
0
0
0
0
0
0
0
1
1
0
0
0
0
0
0
0
0
0
0
0
0
0
0
0
0
0
0
0
0
0
1
0
0
0
0
0
0
