547
490
441
421
274
228
214
155
164
160
220
218
209
192
193
210
207
179
130
129
134
132
145
122
131
129
127
151
149
136
126
129
121
116
130
123
141
125
137
129
119
178
187
205
178
174
164
135
161
160
125
133
127
144
144
155
127
124
135
129
146
121
119
125
119
129
148
140
133
130
133
125
136
113
125
128
124
129
130
148
147
127
171
171
169
169
148
127
126
129
117
124
119
120
128
130
126
133
133
130
113
113
121
133
140
138
142
125
122
128
131
125
138
130
120
132
127
132
134
125
127
133
129
129
127
128
142
126
128
127
135
131
141
135
135
134
129
151
152
150
151
134
125
126
133
127
126
126
139
112
131
127
131
128
123
140
130
132
131
139
127
134
139
139
111
111
135
130
130
113
113
138
138
134
133
131
134
132
133
158
154
159
126
154
121
127
127
120
125
126
131
134
132
129
136
135
129
135
131
128
122
134
132
119
119
128
118
134
133
133
123
129
131
125
128
129
132
129
132
134
129
129
127
137
125
137
136
130
129
129
119
122
126
121
118
128
130
121
130
127
126
126
124
125
128
128
127
126
134
132
132
136
128
135
122
130
126
131
129
129
135
131
127
126
137
125
126
138
133
129
127
138
132
122
129
140
128
133
132
132
125
135
129
111
112
113
130
108
108
108
135
127
131
121
145
146
135
129
131
113
113
126
126
132
135
135
136
125
150
150
156
160
154
124
132
126
139
133
138
127
124
125
131
128
130
125
134
138
127
127
127
135
126
134
133
121
133
132
122
129
134
128
126
130
127
128
128
138
138
135
128
127
133
158
135
135
133
133
134
127
135
129
140
139
136
135
134
135
125
145
140
137
129
127
132
121
126
112
112
112
112
134
140
126
122
137
127
128
128
124
127
127
127
113
113
139
134
132
130
123
147
146
153
148
145
139
126
126
139
138
136
128
120
134
126
134
130
137
132
124
132
119
131
139
140
139
138
137
130
127
122
128
123
123
134
128
128
131
130
136
128
130
126
134
130
128
132
131
129
128
128
140
132
142
129
128
125
116
116
135
126
125
129
129
129
129
126
127
138
137
137
132
134
140
139
134
137
125
131
135
127
129
125
134
136
135
133
135
139
138
137
126
132
137
137
138
127
131
126
136
134
140
138
143
138
144
125
147
140
139
140
130
136
139
128
127
128
132
133
112
112
139
133
132
127
125
125
126
130
130
134
136
131
137
131
134
135
128
126
130
128
128
134
128
127
128
131
128
122
122
122
128
132
129
130
125
129
127
130
132
126
129
131
135
136
120
125
129
126
132
128
129
140
149
148
153
161
161
125
126
130
125
135
127
135
134
139
128
133
139
131
134
128
125
130
126
132
131
125
127
130
125
133
122
122
133
129
169
169
170
170
156
128
135
126
137
131
128
128
114
114
136
135
138
136
145
128
132
131
127
137
135
131
135
128
125
123
131
137
139
144
147
148
156
144
134
133
134
128
144
153
153
150
141
131
118
118
131
128
129
137
136
127
131
130
135
127
133
125
133
131
135
127
142
146
145
147
126
128
128
150
149
150
153
140
141
144
134
133
139
151
145
142
150
129
130
132
132
133
127
128
131
136
125
157
158
133
139
161
161
162
132
112
112
128
130
135
169
153
166
185
182
188
163
162
137
144
151
155
131
123
152
147
147
147
147
144
148
136
137
145
136
145
151
151
180
155
177
174
176
191
150
133
138
158
149
152
121
129
131
129
130
130
129
135
139
129
130
127
124
129
128
134
150
151
154
146
145
196
207
206
197
201
151
153
161
186
155
132
143
171
157
161
175
177
182
134
137
129
117
117
117
137
130
157
179
188
194
207
204
210
201
186
185
193
204
198
191
157
157
183
134
160
164
163
175
136
165
172
167
156
130
161
156
156
164
141
156
157
140
139
137
137
118
118
135
144
138
142
136
136
126
126
123
123
117
117
117
125
117
117
133
126
129
135
131
130
127
135
126
121
122
130
135
124
134
134
132
136
130
134
133
130
122
108
109
133
141
135
142
111
111
111
156
155
129
132
127
142
147
148
145
127
132
121
119
121
127
186
199
200
210
213
210
137
151
152
153
145
135
199
196
206
215
220
220
159
162
153
160
160
167
138
115
115
126
132
127
127
130
193
193
199
212
216
216
151
142
148
144
133
171
173
182
175
172
113
113
130
128
136
136
133
138
126
124
132
130
129
133
129
138
127
130
129
124
130
129
129
136
127
132
126
133
134
124
126
129
128
126
113
113
133
127
129
127
130
129
127
135
