1
0
0
0
0
0
37
83
143
143
142
49
156
104
81
94
117
107
169
180
113
0
0
0
0
0
0
0
0
0
0
0
0
1
1
0
0
0
0
1
47
23
120
58
0
0
0
0
0
0
40
0
0
0
0
0
0
0
0
0
0
75
98
69
42
163
48
16
34
0
0
0
0
0
0
0
0
0
0
0
39
59
117
84
67
110
100
0
1
0
0
0
0
0
0
0
0
0
0
0
0
0
0
0
0
0
0
0
0
0
45
0
0
0
0
0
0
0
0
0
1
0
0
1
0
0
0
0
0
0
0
0
0
0
0
0
162
54
150
0
0
0
0
0
0
36
0
0
0
0
0
1
0
7
0
0
0
0
1
0
0
0
0
0
0
0
0
0
0
0
0
0
0
0
0
0
0
0
0
0
0
0
0
0
56
23
1
17
0
0
0
0
0
0
0
0
0
0
0
0
0
0
0
0
0
0
0
0
0
0
0
0
0
0
0
0
0
0
0
0
0
0
1
0
0
0
0
0
0
0
0
0
1
0
20
57
0
0
0
0
0
0
0
0
0
0
1
0
0
0
0
0
0
0
0
0
0
0
0
0
0
0
0
0
0
0
0
0
0
0
0
0
0
0
14
0
0
0
0
0
10
0
0
0
0
0
0
0
0
1
1
1
0
1
1
0
0
0
0
0
0
0
150
120
150
145
151
0
0
0
0
0
0
0
0
0
0
0
0
0
0
0
1
1
1
0
0
0
0
0
0
0
62
76
66
50
0
0
0
0
0
0
0
0
0
0
0
0
0
68
69
68
0
0
0
0
0
0
0
0
0
0
0
0
0
164
0
0
0
0
61
0
0
1
1
1
0
148
148
149
149
67
0
0
0
1
0
1
0
0
0
0
1
0
0
0
0
0
0
0
26
0
0
0
0
0
0
0
0
0
0
0
0
0
0
0
0
0
1
0
0
0
0
0
0
0
0
0
0
0
0
0
0
41
0
0
1
0
0
1
1
12
0
0
0
0
0
1
1
0
0
0
0
0
0
0
162
165
163
176
0
0
0
0
0
0
0
0
0
163
163
178
28
25
16
115
0
1
1
0
1
1
0
144
0
0
2
0
86
0
0
0
0
1
0
100
63
184
80
14
57
61
121
49
47
10
0
0
0
0
0
0
0
0
0
0
74
74
0
0
0
0
0
0
0
0
1
1
0
1
0
1
162
165
181
163
180
0
0
0
0
0
0
151
161
163
173
173
188
333
333
0
0
0
0
116
118
0
0
4
0
104
121
130
58
128
54
72
19
0
0
0
1
0
1
0
1
0
193
179
193
167
166
179
20
27
20
18
18
29
161
161
165
165
0
0
64
66
71
0
30
0
0
0
0
0
0
0
0
0
0
0
0
0
0
0
0
0
0
0
0
0
1
0
0
1
0
0
0
0
0
0
0
0
0
0
0
0
0
0
0
0
0
0
0
0
0
0
0
0
0
0
0
0
0
0
1
0
0
0
0
0
0
0
0
0
0
0
0
0
0
0
0
0
0
0
0
0
0
1
0
0
0
0
0
0
0
0
0
0
0
0
0
0
0
0
0
0
0
0
0
0
0
0
0
0
0
0
1
0
0
0
0
33
49
60
0
0
0
0
0
0
0
1
0
0
0
0
0
0
0
0
0
0
0
0
0
0
0
0
0
0
0
0
0
0
0
0
0
0
0
0
0
0
0
0
0
0
0
0
0
0
0
78
0
0
0
0
0
0
0
0
0
0
17
17
17
17
0
0
0
0
0
0
0
0
0
0
0
0
0
0
0
0
0
0
0
0
0
0
0
0
0
0
0
0
0
0
0
0
0
0
0
0
0
1
0
0
0
0
0
0
0
0
0
0
0
0
0
0
0
0
0
0
0
0
0
0
0
0
0
1
0
0
0
0
0
0
0
0
0
0
176
181
178
0
1
1
1
1
1
177
177
177
178
179
192
335
335
335
352
350
364
459
491
485
419
459
433
483
508
396
400
109
222
40
0
0
0
0
0
0
0
0
0
0
0
0
0
0
0
0
0
0
0
0
0
0
0
0
0
0
0
0
0
0
0
0
1
1
1
0
0
0
0
0
0
0
0
0
1
0
0
0
0
0
0
1
0
1
1
1
1
1
1
186
185
184
192
0
0
87
0
0
0
0
0
0
0
1
0
0
1
1
0
0
0
0
8
0
3
4
0
0
1
0
0
0
0
0
0
0
0
1
1
0
0
0
0
0
0
0
0
0
0
0
1
0
0
0
