342
344
293
277
297
286
310
310
312
286
272
283
290
292
322
351
399
396
405
336
336
356
284
299
298
301
293
275
274
273
276
303
284
284
285
286
294
292
273
279
279
271
275
294
290
274
286
300
303
301
296
282
285
271
270
296
351
350
372
352
391
405
371
380
345
345
292
301
311
313
320
297
296
305
301
292
282
275
278
280
292
309
279
281
278
276
293
301
289
288
304
292
294
312
302
282
286
285
278
288
305
309
306
293
302
297
286
289
285
286
292
291
296
287
280
280
287
279
278
306
313
314
317
310
293
296
293
291
283
286
288
350
368
345
344
349
321
313
312
318
314
315
312
355
383
390
449
447
431
370
405
370
343
329
307
291
295
300
290
322
330
337
415
397
448
424
409
431
334
346
328
317
306
310
306
316
330
339
363
387
375
409
468
464
460
425
413
384
331
343
320
320
300
300
295
297
299
309
294
297
286
278
279
275
296
288
295
279
282
301
286
292
315
333
350
311
313
296
311
310
313
314
301
283
288
276
278
290
270
274
278
296
288
288
287
294
279
293
285
291
275
274
297
294
284
289
293
282
295
282
292
283
282
303
307
310
348
362
361
355
287
294
301
286
299
320
401
358
351
384
294
309
292
285
277
286
292
288
290
293
285
284
295
285
295
287
286
280
285
329
350
366
388
409
390
395
371
354
383
314
352
274
282
280
284
275
326
314
314
312
328
333
360
371
348
347
338
289
295
294
290
306
304
297
294
294
297
298
320
310
351
405
395
386
398
385
351
321
318
298
288
277
293
321
302
304
297
294
294
294
317
287
287
296
290
286
293
282
281
288
281
295
294
294
294
280
296
335
364
377
403
466
441
446
376
390
380
336
322
291
343
382
375
357
358
341
307
297
295
291
289
285
304
288
289
290
293
293
286
297
291
281
291
308
296
341
329
323
354
339
328
301
294
296
294
303
296
302
305
315
313
335
335
327
314
314
308
330
330
340
367
386
397
381
420
433
429
454
425
429
387
389
387
360
342
335
341
341
339
341
310
307
304
297
302
296
287
281
281
290
292
321
305
362
370
379
351
303
301
296
304
300
304
301
308
297
298
297
295
290
358
349
364
402
395
428
394
376
368
324
299
288
294
293
320
334
333
344
327
303
388
360
364
441
443
399
419
399
437
392
380
345
309
296
307
301
296
292
296
282
285
295
292
292
291
287
283
289
296
294
289
312
310
293
287
293
290
311
308
320
321
316
304
296
298
295
289
311
291
302
303
288
293
290
364
409
372
365
379
354
311
296
295
293
297
298
294
312
314
322
308
297
295
281
356
332
352
431
387
426
371
391
335
298
280
291
300
308
300
306
306
287
277
288
287
293
293
304
305
301
296
288
289
341
340
318
335
373
338
349
332
341
301
358
381
401
366
385
379
347
342
325
327
365
325
295
283
290
361
354
345
366
324
353
299
286
290
283
293
284
285
305
296
290
292
299
294
304
297
295
292
286
301
297
290
290
295
298
304
293
282
351
353
373
395
412
424
400
368
395
382
336
322
315
304
312
325
332
327
332
327
329
327
347
330
328
330
364
352
358
349
353
350
315
304
300
308
302
300
295
307
326
326
317
321
334
309
306
302
309
316
345
374
383
382
402
387
348
332
296
295
301
293
295
298
284
282
299
299
292
292
291
276
276
291
281
292
281
292
281
279
292
298
283
289
283
287
279
274
290
279
288
290
291
287
286
293
305
359
381
394
426
364
406
429
423
404
358
391
395
299
300
288
292
286
287
291
279
284
281
288
290
288
293
289
286
292
292
287
288
300
292
284
291
283
309
368
407
391
379
405
385
330
292
300
311
287
299
286
293
284
289
392
367
394
395
405
409
297
300
290
279
277
279
278
284
291
285
278
291
299
299
302
291
308
336
317
319
330
325
298
285
297
297
287
288
290
279
298
288
281
281
274
272
290
283
282
285
286
292
288
292
291
287
275
292
289
286
291
345
362
365
405
397
413
384
344
341
333
365
375
373
384
375
388
336
343
389
386
385
390
395
354
341
349
339
356
334
330
327
329
322
322
340
321
321
329
332
323
338
330
291
272
277
293
279
278
278
299
288
291
284
273
273
278
283
282
279
289
287
290
282
287
277
321
310
330
341
306
295
289
293
286
295
305
314
309
297
288
275
285
287
282
284
291
322
389
412
405
419
434
411
433
420
432
476
410
459
468
451
489
471
445
488
420
445
439
448
457
424
387
376
372
310
291
305
282
287
294
287
283
362
335
373
357
381
301
278
280
279
271
289
280
278
296
295
288
284
281
340
319
344
348
335
301
284
290
302
296
289
287
285
281
286
289
354
403
395
379
406
403
329
304
286
282
281
295
281
278
302
318
322
337
379
328
334
327
296
291
291
285
274
283
303
303
301
315
311
278
274
331
362
390
389
370
378
372
322
329
334
312
327
318
326
317
310
322
323
326
349
318
338
335
346
324
397
427
456
423
434
428
338
330
310
293
312
303
353
336
353
353
326
307
320
303
288
283
295
288
282
298
284
276
273
294
291
332
323
348
368
362
365
335
304
288
278
287
292
294
296
306
304
373
358
369
411
407
363
326
318
310
316
306
288
281
285
287
292
275
288
284
285
281
277
278
291
290
280
279
276
289
300
295
318
304
294
288
281
356
362
377
405
371
384
350
318
294
291
288
284
295
301
285
287
286
282
277
296
324
319
316
293
312
302
292
293
287
291
294
292
273
298
302
288
287
300
278
281
278
297
286
285
289
276
277
287
322
301
291
298
324
281
277
272
286
275
276
282
285
285
338
332
343
332
306
311
308
308
305
336
284
307
305
291
295
294
276
297
289
293
286
282
289
285
286
273
280
287
281
282
283
284
285
281
281
287
281
295
284
285
298
315
298
324
310
298
283
282
288
290
282
278
286
295
286
285
283
293
279
296
278
279
277
282
278
281
278
284
283
279
279
281
282
285
274
296
291
300
371
377
380
367
370
371
316
293
300
296
295
293
294
300
321
374
339
373
378
389
418
359
357
354
341
326
317
320
312
330
311
301
299
309
311
302
298
302
300
298
304
354
372
358
361
337
344
328
303
316
300
294
298
293
275
290
287
283
284
279
300
278
278
277
290
292
295
298
290
297
295
298
287
284
293
286
300
284
284
283
278
276
286
273
282
312
305
296
302
292
286
302
296
302
300
296
278
276
287
290
278
323
303
301
304
308
282
285
313
333
354
402
387
375
345
338
306
291
302
275
292
306
277
284
272
272
277
280
274
274
274
325
335
299
301
335
280
276
279
270
270
289
286
387
402
420
430
446
416
295
282
276
287
286
276
293
278
278
314
327
329
335
349
312
277
271
271
280
295
274
274
274
281
281
281
280
280
276
289
275
296
285
278
290
291
293
293
274
274
270
270
295
280
280
282
293
302
333
328
330
325
326
311
291
294
279
285
281
294
308
292
303
285
284
282
275
316
314
307
312
323
287
283
282
291
284
305
277
285
287
280
284
304
300
299
299
280
277
290
294
276
282
276
271
292
292
288
292
283
279
278
291
278
276
289
276
288
289
276
305
311
304
322
324
284
287
281
281
274
275
288
283
289
287
283
286
368
343
347
375
363
359
328
325
311
320
281
280
283
300
287
278
286
276
300
290
298
307
286
277
280
284
282
296
283
296
284
274
275
277
285
279
285
281
288
297
283
280
394
403
408
444
448
449
350
348
378
348
354
355
313
300
274
280
289
273
291
293
287
291
282
283
283
287
273
299
295
292
293
280
282
278
278
279
286
270
281
288
281
277
290
292
282
280
303
289
290
295
292
285
291
293
299
296
273
288
282
294
276
377
379
368
385
378
367
302
302
303
302
310
296
306
293
295
310
301
299
288
303
296
292
292
291
291
275
282
281
277
289
291
283
309
297
283
276
279
290
274
273
279
279
285
297
291
277
278
287
277
291
286
277
278
277
289
280
274
290
279
280
279
280
285
292
275
289
293
293
274
291
285
287
291
286
298
294
289
286
281
279
278
278
296
287
287
309
287
283
283
276
275
284
279
279
281
288
282
281
297
290
276
278
276
287
278
282
291
285
273
284
299
280
272
286
291
284
278
283
280
293
276
300
295
286
280
296
290
293
290
293
290
281
290
295
292
276
292
279
281
289
292
288
281
294
295
292
293
294
304
294
276
274
292
371
291
290
279
298
285
275
290
284
302
294
290
293
291
282
298
288
295
293
307
289
293
290
271
297
295
295
298
285
304
293
291
296
305
299
