0
0
0
0
0
0
170
260
276
136
227
260
238
310
292
271
276
114
106
213
270
164
106
119
172
126
120
123
228
139
151
67
139
96
0
67
78
114
75
82
89
113
169
107
114
162
197
237
216
224
250
291
234
241
208
276
226
359
369
270
280
369
271
382
416
310
404
317
291
370
231
317
270
227
319
294
346
301
357
316
405
433
345
408
357
416
443
401
382
348
347
459
507
476
519
491
505
597
582
612
606
635
643
667
725
725
645
584
614
626
654
662
596
721
719
695
681
607
634
698
722
782
772
715
672
841
755
734
773
680
694
783
789
805
746
783
768
800
787
791
808
860
852
836
875
846
818
952
923
923
967
957
956
1081
1073
1068
1068
1079
1116
1129
1190
1104
1059
1067
1151
1163
1159
1120
1142
1140
1173
1173
1216
1228
1210
1214
1269
1281
1185
1203
1160
1271
1238
1245
1236
1285
1285
1349
1378
1386
1359
1393
1412
1419
1407
1314
1335
1315
1376
1430
1369
1394
1420
1415
1491
1360
1454
1385
1361
1451
1437
1481
1419
1425
1418
1534
1563
1558
1556
1533
1528
1588
1664
1585
1681
1619
1615
1705
1690
1615
1724
1695
1715
1653
1716
1652
1652
1767
1770
1713
1721
1755
1686
1839
1836
1768
1771
1827
1833
1864
1932
1953
1917
1873
1828
1985
1991
1949
1946
1805
1931
1950
1940
1967
1907
1934
1845
2004
2013
2004
1998
1966
1946
2020
2013
2015
2037
1955
1991
2046
2053
2074
2022
1997
2003
2175
2172
2152
2148
2159
2101
2250
2218
2230
2237
2160
2206
2300
2285
2295
2224
2264
2221
2355
2355
2339
2301
2289
2343
2355
2416
2416
2382
2378
2372
2453
2531
2452
2398
2451
2470
2516
2484
2490
2491
2491
2492
2539
2532
2535
2512
2539
2552
2635
2634
2654
2572
2657
2580
2674
2674
2669
2625
2658
2688
2775
2752
2712
2713
2730
2617
2770
2755
2661
2739
2739
2738
2743
2803
2769
2776
2786
2753
2910
2698
2708
2698
2692
2723
2774
2834
2759
2760
2748
2750
2769
2807
2795
2758
2751
2796
2739
2870
2717
2852
2762
2785
2772
2835
2823
2783
2857
2881
2894
2905
2849
2884
2909
2938
2938
2944
2960
2988
3007
3069
3058
3068
3063
3080
3154
3080
3116
3058
3072
3130
3113
3120
3140
3117
3119
3232
3102
3213
3095
3102
3104
3148
3138
3199
3126
3143
3112
3216
3132
3217
3189
3149
3144
3257
3203
3250
3187
3150
3194
3213
3137
3172
3164
3160
3169
3229
3270
3273
3247
3207
3189
3197
3288
3261
3234
3234
3234
3322
3318
3320
3324
3314
3353
3325
3383
3385
3355
3378
3350
3421
3418
3451
3393
3426
3462
3474
3502
3489
3527
3504
3482
3557
3565
3569
3556
3622
3522
3554
3584
3588
3587
3565
3572
3563
3488
3537
3566
3548
3547
3477
3558
3592
3578
3559
3593
3620
3597
3601
3706
3715
3698
3708
3702
3688
3720
3669
3701
3653
3701
3691
3775
3687
3713
3660
3669
3680
3766
3795
3766
3766
3737
3736
3886
3872
3880
3870
3802
3819
3841
3919
3889
3887
3875
3885
3980
3991
3995
3971
3968
4038
3991
3959
4110
4063
3939
4015
4070
4076
4016
3935
3951
4022
3962
4021
4014
3851
3959
3967
3938
3974
3949
3908
3941
4007
4020
4041
4009
4011
3965
4032
4084
4077
4008
4024
4024
4146
4088
4038
4065
4050
3987
4067
4051
4038
4020
4014
4015
4170
4020
4067
4014
3876
3947
4018
4010
4010
4039
4031
4030
4126
4032
4083
3857
3905
3954
3869
3860
3957
3879
3840
3862
3946
3974
3951
3753
3937
3772
3882
3867
3893
3770
3741
3815
3788
3844
3851
3732
3733
3742
3840
3853
3865
3856
3865
3784
3936
3901
3921
3879
3857
3813
3985
3914
3871
3903
3924
3854
3979
3833
3978
3821
3764
3744
3840
3875
3853
3840
3833
3852
3869
3848
3853
3935
3863
3895
4001
3946
3931
3916
3956
3985
3961
4049
4029
3986
4036
4045
4086
4032
4062
4058
4140
4104
4156
4103
4142
4168
4254
4178
4085
4186
4098
4186
4196
4032
4151
4099
4048
4151
4122
4063
4160
4175
4116
4173
4136
4146
4003
4175
3988
4083
4121
4170
4047
4029
4053
4174
4196
4112
4146
4157
4144
4259
4053
4076
4091
4060
3998
4100
4084
4089
4068
4080
4073
4092
4021
4026
3945
4008
3952
3737
3736
3977
3666
3732
3630
3527
3752
3711
3450
3424
3407
3501
3365
3508
3405
3381
3382
3347
3248
3459
3211
3328
3162
3215
3195
3220
3159
3227
3201
3070
3075
3068
3141
3058
2989
2976
2896
3060
2874
2910
2969
2807
2824
2793
2674
2822
2862
2636
2677
2643
2598
2712
2603
2687
2701
2701
2603
2609
2762
2670
2552
2592
2569
2598
2599
2631
2622
2680
2648
2595
2561
2572
2645
2369
2599
2421
2309
2232
2259
2078
1848
1913
1893
1873
1862
1822
1608
1767
1646
1650
1268
890
1046
1053
181
605
483
90
180
75
220
0
0
0
0
0
0
0
0
0
0
0
0
0
0
0
0
0
0
0
0
0
0
0
