323
321
310
326
333
291
307
310
304
290
307
298
292
314
296
316
310
313
292
299
303
385
384
437
436
461
490
444
470
422
425
393
365
298
299
325
312
299
304
302
311
335
332
318
297
289
288
309
304
301
294
296
297
314
300
289
297
305
312
311
315
307
304
291
293
311
322
309
305
299
307
308
310
316
332
305
307
330
339
311
310
312
317
312
310
319
310
308
298
308
321
309
309
303
299
306
302
307
310
304
302
290
292
317
309
305
299
318
295
305
294
291
308
302
300
310
317
292
300
290
298
331
341
343
323
312
291
300
298
301
299
290
293
294
291
308
290
293
300
305
308
298
310
307
296
297
317
350
347
324
326
300
295
300
312
313
293
295
300
297
308
296
296
306
294
305
291
310
303
288
321
305
299
298
304
305
388
436
422
446
442
429
362
320
293
310
296
299
313
305
301
297
290
319
309
305
305
289
290
292
297
307
300
299
293
296
295
314
291
293
303
348
343
326
324
330
322
315
311
316
290
296
321
307
305
295
304
306
298
301
299
311
304
305
303
296
317
298
306
311
301
309
309
321
325
325
320
325
297
295
306
305
300
323
309
306
293
311
295
297
304
346
332
336
343
312
313
299
312
312
304
313
305
291
309
305
311
293
296
295
300
300
295
291
304
308
311
313
349
325
350
356
340
342
321
309
291
305
302
314
298
296
299
312
307
290
326
314
319
303
318
305
295
292
300
332
357
353
341
366
319
293
309
294
299
297
296
300
297
301
296
298
293
306
293
325
315
297
297
340
338
345
324
324
297
309
295
311
320
299
306
297
301
304
294
303
303
316
304
295
300
298
294
310
302
303
291
320
313
301
307
298
311
300
295
292
302
293
311
298
296
298
297
306
305
301
301
304
297
304
294
309
307
303
299
290
309
308
313
308
307
296
298
309
313
310
296
308
308
302
307
304
294
302
310
292
321
316
320
323
305
363
369
372
327
301
314
293
295
305
317
295
304
305
306
313
301
303
299
299
303
294
305
302
288
304
314
307
308
310
298
315
293
308
305
315
320
299
294
310
304
294
310
294
291
313
310
314
302
306
311
304
311
305
303
293
309
363
378
352
348
326
311
305
314
296
316
288
292
319
300
302
312
310
293
308
302
289
304
292
309
296
302
287
311
310
296
292
309
301
298
314
334
323
336
326
308
314
300
308
307
305
302
305
294
301
309
307
314
298
315
306
310
314
302
291
304
295
299
294
316
309
305
311
293
296
296
293
307
293
302
322
323
305
298
308
291
306
288
310
304
310
293
319
295
302
304
305
309
295
292
291
291
315
302
296
303
288
289
304
306
299
318
297
296
290
316
308
307
306
298
304
304
297
298
306
298
295
309
304
310
288
310
302
303
304
294
300
299
289
316
326
327
323
308
305
296
300
309
318
314
298
306
300
309
312
303
370
304
317
299
296
297
293
315
309
297
300
307
293
292
297
297
309
299
292
311
296
299
312
297
302
299
297
297
317
309
302
308
310
304
296
303
299
298
296
293
310
298
302
319
309
307
308
308
302
311
305
292
310
317
301
300
299
308
293
307
291
306
306
309
317
293
294
302
303
293
298
305
310
307
295
297
289
307
298
309
311
304
305
311
311
299
299
298
295
294
297
307
304
302
307
304
321
295
294
310
304
287
294
304
314
298
291
307
298
301
306
303
293
298
299
308
306
295
289
308
309
304
300
299
304
299
305
308
310
297
311
290
312
308
301
313
306
294
303
300
313
298
295
306
302
321
293
293
306
296
292
293
304
289
290
296
303
311
293
319
305
297
295
289
320
309
296
306
311
307
293
293
300
308
296
301
293
303
302
317
304
312
305
311
299
305
301
315
310
301
290
302
310
299
297
311
295
296
296
300
313
312
308
308
294
308
311
309
307
312
307
323
310
303
289
288
290
314
303
311
307
295
306
301
299
294
304
324
293
307
309
305
310
310
308
293
304
305
300
301
294
313
299
290
307
293
293
319
314
308
303
291
311
313
303
311
307
291
304
317
296
298
329
334
325
311
295
303
291
290
293
289
309
312
303
292
313
294
309
308
301
305
303
294
296
307
311
304
315
299
298
302
308
292
308
304
290
300
304
305
320
311
297
294
319
295
289
315
306
311
293
291
309
327
317
311
303
308
303
301
322
311
294
309
305
293
317
310
317
292
291
310
302
320
311
312
312
304
316
305
292
309
311
305
287
316
312
313
310
303
293
308
310
292
312
320
290
313
294
316
314
327
310
314
315
321
316
325
316
310
311
314
312
