301
190
459
560
526
553
542
441
336
283
266
266
289
291
296
263
241
241
266
257
254
240
224
224
238
244
240
205
205
223
213
197
162
154
148
147
171
179
191
176
172
164
209
198
193
144
139
167
188
180
167
139
162
179
217
234
233
237
247
235
244
235
240
230
224
222
186
189
179
169
146
148
132
134
160
190
214
195
185
206
231
238
249
243
242
251
289
280
275
270
243
242
247
258
244
228
221
247
204
201
179
179
186
203
197
163
190
164
167
151
177
220
242
239
248
238
211
218
249
251
343
326
314
328
273
318
268
303
252
215
248
216
209
198
183
165
161
151
152
151
153
164
168
185
174
187
175
167
150
131
170
166
174
189
216
228
225
227
228
222
220
230
230
211
217
219
192
192
195
187
213
203
182
183
183
183
200
202
182
182
181
181
199
198
187
191
177
175
161
135
163
157
185
182
184
196
170
170
158
148
147
141
152
144
134
118
107
107
137
134
121
123
156
159
154
157
149
140
140
144
148
146
132
148
145
146
143
134
135
125
118
144
137
143
146
137
143
142
137
158
160
161
159
146
145
164
177
179
179
173
140
145
162
175
185
185
212
210
217
216
202
202
214
223
218
213
189
189
206
212
212
211
209
205
192
162
131
119
110
140
143
143
141
143
141
128
127
132
164
171
175
175
204
189
175
176
157
132
143
148
158
165
167
181
178
165
161
150
141
124
128
144
148
150
146
157
158
198
191
203
190
182
156
140
123
128
139
129
140
140
110
110
123
113
131
129
138
134
146
181
200
205
191
193
213
219
183
188
202
210
206
195
167
167
169
198
196
175
176
175
192
204
200
170
170
170
202
174
135
135
154
137
155
159
166
156
153
166
170
174
197
195
181
177
173
161
128
135
143
140
133
133
133
126
137
156
159
160
156
145
140
139
131
137
138
138
155
161
151
143
138
140
148
146
143
129
131
143
153
159
155
149
129
125
129
137
144
153
153
128
126
141
145
158
164
148
134
134
131
137
135
129
183
186
187
179
136
117
127
157
175
183
176
181
183
160
146
165
177
205
209
200
196
205
195
182
164
156
153
167
185
196
217
223
231
228
223
221
217
220
221
223
223
218
206
185
163
151
119
119
128
131
124
140
143
140
152
156
156
177
167
168
193
173
174
172
173
186
151
150
144
136
126
126
140
144
148
141
144
131
146
162
163
163
152
116
116
148
148
148
143
180
191
180
172
168
178
134
134
131
165
168
178
205
210
215
199
174
174
157
164
165
166
161
134
128
137
134
136
145
175
168
172
168
123
118
152
150
180
177
186
183
178
167
134
170
183
188
184
186
179
166
144
143
144
148
155
153
123
123
129
127
127
135
132
140
140
141
130
116
127
146
159
184
169
170
206
210
207
173
182
173
185
185
185
182
194
194
218
214
215
218
198
198
216
214
213
212
187
187
216
217
222
219
224
223
219
225
226
222
210
209
178
169
161
159
158
149
142
136
140
135
130
141
143
140
139
140
133
127
153
149
151
193
205
198
168
168
168
178
173
178
171
147
147
149
134
138
141
145
133
133
129
129
170
180
196
184
184
178
166
161
153
157
162
176
169
175
166
161
142
148
147
195
193
204
176
176
175
149
144
136
137
125
123
142
153
149
142
147
144
145
144
139
110
110
134
126
128
140
145
150
142
137
142
138
139
141
149
143
141
166
179
186
209
224
224
236
222
209
184
166
163
149
145
147
163
171
163
158
134
129
120
120
123
118
113
126
125
122
154
172
173
170
153
138
135
138
147
156
164
191
189
189
182
145
141
133
135
136
138
140
132
115
124
150
138
143
150
147
141
168
165
164
169
158
143
144
145
140
135
148
148
155
154
156
149
137
139
130
142
140
140
134
138
137
138
140
137
139
131
135
139
133
134
134
142
143
146
134
126
153
151
152
149
132
138
144
145
149
134
137
143
136
132
135
140
138
134
163
139
149
139
137
140
142
138
137
138
138
147
136
141
132
134
124
142
128
138
140
