486
492
493
465
535
444
434
447
449
467
439
503
428
422
455
440
445
418
416
454
434
446
458
438
424
433
439
440
438
427
455
412
457
409
454
422
413
432
439
428
439
453
446
418
437
432
465
410
426
416
427
461
415
464
427
422
447
423
445
463
434
415
433
412
436
470
412
428
430
474
424
465
429
470
502
462
463
503
441
499
490
511
539
507
523
507
533
523
535
521
494
556
518
525
510
529
523
535
523
513
572
479
533
510
505
507
546
508
481
477
532
525
562
508
528
496
490
488
481
510
487
503
468
509
519
526
521
464
493
512
478
501
483
485
484
511
473
499
507
504
500
496
482
491
507
477
476
475
520
507
506
469
466
497
498
497
475
484
495
526
489
492
504
502
518
525
506
503
464
531
523
505
506
457
493
480
502
510
508
508
520
471
538
494
523
528
496
473
526
528
491
478
466
510
495
484
486
480
467
478
532
492
495
485
529
483
490
496
431
484
500
489
481
484
501
476
460
514
513
525
518
454
470
518
503
497
504
474
505
548
486
501
516
460
503
500
478
504
497
480
518
525
483
518
518
481
519
538
485
493
483
500
521
474
506
531
524
475
485
516
479
484
485
521
485
493
495
476
491
501
470
462
511
488
476
480
507
466
459
511
485
508
549
506
518
465
502
515
501
495
496
489
537
497
537
498
516
485
530
518
507
475
503
492
526
486
536
505
519
490
527
511
496
521
498
530
529
491
493
481
481
521
483
498
516
527
495
512
498
502
497
506
513
534
509
496
497
498
493
511
480
532
454
509
468
474
509
494
499
491
491
484
479
496
477
473
480
498
470
521
502
506
512
523
544
480
486
501
471
492
504
486
510
496
496
480
518
508
497
477
513
517
509
505
482
504
508
500
528
488
510
553
483
432
521
504
518
521
502
488
536
477
511
502
520
500
538
481
491
489
518
488
486
523
515
518
480
513
509
495
478
496
515
478
467
519
519
525
512
497
470
501
507
481
495
494
496
503
516
501
475
528
509
488
513
491
503
471
541
484
468
531
527
516
497
465
503
530
471
483
496
531
509
499
523
516
534
472
531
522
473
466
492
539
538
467
518
451
470
489
536
519
549
474
497
510
528
458
496
515
510
511
483
496
524
450
552
492
489
521
531
487
500
487
486
467
515
493
514
532
491
542
462
526
496
500
495
484
531
537
479
499
515
512
469
478
519
494
511
511
496
503
482
504
570
540
495
508
476
487
507
515
510
486
473
507
506
517
475
513
511
506
512
515
487
471
479
512
530
533
515
462
471
549
491
475
521
470
484
506
497
500
524
529
536
535
510
506
541
521
502
495
505
525
524
521
552
499
520
457
486
528
519
522
522
495
523
525
533
459
504
492
470
475
537
523
482
473
498
520
533
478
499
543
488
509
517
493
455
481
518
548
521
471
474
480
528
479
485
522
497
512
508
515
456
532
513
516
495
512
515
503
472
529
483
493
493
518
525
493
513
517
453
523
531
495
499
520
476
479
498
491
518
483
494
526
513
522
469
473
484
563
504
513
521
482
504
497
463
490
515
498
485
513
527
462
507
519
534
517
511
508
494
504
507
511
523
529
513
494
495
458
494
483
516
496
536
502
469
524
493
521
516
502
480
512
484
487
477
506
501
522
497
494
496
514
511
491
549
493
482
478
476
510
467
481
519
546
512
488
509
504
554
492
537
524
531
484
512
553
500
507
503
505
533
525
517
494
496
464
548
522
520
450
501
521
514
481
520
516
465
505
490
563
473
525
470
546
486
469
490
497
483
481
515
521
497
529
500
466
495
505
530
504
510
475
487
516
458
511
554
489
501
519
522
475
485
477
509
499
523
486
509
505
496
511
475
502
532
488
499
497
538
478
496
518
476
497
475
521
485
506
501
505
464
510
536
506
506
509
486
474
511
478
530
477
521
505
496
504
512
501
530
537
491
514
518
481
516
488
512
499
510
489
536
479
517
523
531
509
536
492
511
508
557
508
530
490
497
505
536
493
505
505
526
509
486
461
511
511
504
506
506
512
473
521
500
506
493
505
524
456
514
539
542
496
479
482
527
538
520
490
537
475
479
500
534
494
531
489
494
501
507
532
479
476
479
529
507
499
474
521
505
504
457
508
510
487
516
518
512
480
521
472
466
551
489
500
524
506
508
512
449
480
500
508
488
514
478
498
503
511
528
497
504
484
500
500
483
539
501
510
495
454
519
492
481
535
505
516
492
468
511
545
485
521
519
578
504
482
515
478
534
520
528
509
465
418
407
377
