156
134
128
170
168
163
125
135
180
211
203
197
200
206
156
124
141
147
147
131
118
123
115
138
133
125
119
124
118
132
116
117
117
120
135
135
135
119
125
126
139
139
114
103
103
103
111
139
135
126
127
125
120
162
151
158
138
128
131
144
136
117
128
123
112
119
139
134
120
115
109
120
167
138
159
149
141
138
135
125
128
127
123
126
122
122
122
115
126
119
116
126
116
131
133
127
134
135
139
132
131
129
182
174
179
189
185
204
145
138
145
124
125
130
122
124
117
133
131
131
125
117
117
120
110
119
123
122
122
122
131
126
133
142
149
146
144
139
123
122
119
168
161
169
156
165
141
131
134
136
136
133
133
134
139
137
135
127
128
133
121
132
130
124
124
107
107
114
137
133
138
134
130
126
131
130
129
124
118
124
133
130
136
139
133
122
119
123
117
127
124
128
126
126
117
139
133
132
124
133
129
125
114
119
127
121
136
109
115
105
113
105
111
137
140
149
149
137
104
110
104
104
99
99
108
136
131
132
124
127
122
126
122
124
120
127
123
120
123
123
129
135
132
130
120
125
124
114
125
121
127
116
109
105
123
129
122
117
116
117
133
127
135
144
139
144
140
122
122
131
143
144
131
138
155
148
155
164
170
155
130
146
143
136
143
123
115
119
119
118
119
126
118
119
120
117
111
161
171
167
169
181
120
123
122
125
119
140
138
142
138
119
116
117
138
134
134
127
123
118
117
112
115
130
124
175
195
205
200
196
205
216
193
203
195
178
201
180
150
178
149
140
137
135
137
132
132
129
122
133
143
143
155
168
168
126
134
130
127
122
116
120
120
135
135
135
132
122
114
122
122
118
116
127
122
123
125
126
137
137
127
134
120
126
120
111
124
122
121
115
121
161
172
182
179
182
179
143
134
120
125
127
126
130
126
122
121
149
145
145
143
122
116
130
124
123
119
117
116
126
122
126
128
142
141
142
143
138
133
129
130
132
123
121
118
118
117
116
127
121
131
139
135
139
135
125
141
141
141
151
148
148
123
122
118
129
129
134
134
127
123
119
129
132
142
143
136
131
119
131
132
133
137
133
135
133
118
113
120
125
131
131
127
144
137
140
142
127
120
120
114
154
162
154
155
140
126
121
116
124
118
119
116
125
122
127
126
134
137
143
144
142
137
137
138
117
124
125
124
121
122
132
131
131
131
135
135
129
119
136
138
138
136
126
130
121
132
134
133
125
131
128
136
129
130
124
123
127
127
118
122
117
112
129
149
173
171
179
155
149
137
130
131
124
131
120
121
121
120
139
135
135
130
121
121
122
127
132
130
121
120
123
128
130
167
165
187
170
170
176
146
131
146
138
148
151
129
127
122
125
125
132
133
131
126
124
138
135
137
130
104
111
125
124
112
135
129
130
137
134
134
113
133
135
134
134
126
124
119
112
130
127
125
121
123
140
136
138
136
119
113
125
117
118
125
122
120
121
127
134
142
139
143
145
147
149
148
146
126
135
131
128
136
135
136
135
131
120
127
132
131
130
126
116
115
117
119
117
129
123
138
148
142
151
138
128
127
134
132
126
120
116
109
118
114
120
124
125
119
119
116
114
110
123
116
127
126
119
122
127
129
130
131
129
126
125
132
132
130
124
112
108
108
108
118
116
120
150
144
145
148
132
124
121
107
107
116
107
129
138
135
142
141
123
118
128
131
127
134
134
127
120
118
125
137
139
138
135
131
129
113
107
121
114
112
115
109
117
115
118
108
108
126
120
118
113
115
123
116
116
114
118
118
120
124
134
146
150
149
140
120
112
118
132
133
134
129
119
121
111
116
118
122
135
134
138
137
128
130
129
131
132
134
135
132
125
126
123
117
105
105
105
122
115
117
124
118
140
140
143
136
127
118
120
108
129
123
126
118
117
122
121
124
125
128
127
112
115
119
121
121
135
130
127
123
125
127
119
124
124
124
118
120
119
114
123
147
148
147
145
125
131
128
132
128
125
120
113
140
140
139
135
107
106
107
107
119
126
128
137
136
129
129
132
134
129
125
127
124
131
124
121
117
96
96
106
106
100
100
105
105
105
122
172
172
182
184
190
198
122
122
111
110
131
123
131
112
118
121
114
123
127
119
113
130
126
120
115
114
113
120
118
127
122
119
118
116
115
136
134
132
129
126
120
116
105
105
121
104
104
151
166
170
177
176
184
146
149
149
150
158
116
116
120
121
126
116
121
124
125
123
118
118
101
101
101
109
108
110
110
114
128
124
124
120
117
119
118
97
97
107
107
108
118
107
107
107
107
114
114
130
143
146
145
142
134
125
125
124
133
135
123
157
162
162
167
168
172
116
116
127
127
112
112
124
124
127
127
123
129
129
127
120
120
120
122
128
122
114
124
120
118
135
132
131
117
123
114
129
128
127
112
126
119
127
123
124
116
124
117
116
113
119
130
123
120
113
126
128
129
125
135
132
136
126
123
114
118
127
102
102
118
103
103
103
103
106
106
106
111
113
119
115
112
179
179
181
199
194
186
128
124
119
101
101
105
105
159
159
161
161
162
108
108
129
100
101
101
107
107
108
122
123
155
150
163
153
166
141
138
122
136
146
149
135
143
123
112
112
121
122
126
103
103
126
119
116
118
115
122
114
110
110
110
124
121
125
115
116
120
103
103
113
113
113
121
127
121
118
115
116
123
123
117
110
121
121
107
107
107
107
124
119
122
119
120
124
127
104
104
107
107
111
104
104
104
124
125
104
104
100
100
100
112
120
119
121
113
128
122
127
126
121
139
147
162
162
164
167
114
114
119
125
122
109
109
104
105
104
104
104
174
187
187
197
197
197
174
174
184
184
189
198
165
167
154
158
170
177
155
174
178
192
169
204
141
124
123
102
102
102
113
113
113
124
131
152
153
156
167
168
173
178
186
186
188
194
194
112
120
121
121
125
126
105
105
124
126
127
118
125
122
126
122
124
124
132
131
127
126
128
123
134
128
127
126
116
127
121
119
125
116
119
117
118
111
120
121
123
124
131
127
130
126
127
122
126
129
120
131
126
127
123
111
107
107
109
132
135
136
125
131
126
130
130
130
136
133
130
108
108
108
121
122
130
125
127
111
119
127
129
112
112
120
129
132
123
116
117
121
114
117
119
115
113
118
120
119
123
116
113
118
121
119
126
122
133
129
129
126
122
115
119
122
119
145
140
140
143
131
135
129
129
123
120
118
128
131
129
128
130
135
132
129
119
131
126
145
153
139
151
144
128
139
136
136
129
129
160
160
153
165
164
127
124
129
124
127
125
124
117
118
124
113
116
131
128
128
123
126
132
129
127
122
111
118
128
120
114
113
140
137
145
149
149
139
132
118
133
130
132
135
135
133
125
140
142
142
120
127
144
139
147
149
137
124
119
132
131
132
113
120
123
121
117
119
115
121
130
122
114
114
125
124
126
129
125
115
123
122
136
132
132
124
123
135
131
130
117
122
120
128
132
125
130
128
126
126
129
126
127
137
144
141
140
132
128
115
108
125
120
119
118
118
123
118
121
124
118
116
146
149
158
155
153
148
140
120
107
114
119
123
131
127
129
129
117
119
117
136
133
132
127
123
122
127
129
128
137
132
133
133
134
137
138
135
123
134
132
130
134
130
136
132
126
120
126
135
131
138
137
132
124
128
125
124
114
117
118
119
119
142
156
151
164
146
131
127
124
123
117
113
127
126
124
117
118
118
126
124
127
118
117
114
124
117
130
128
151
172
168
161
155
142
112
120
117
131
124
114
125
112
114
119
133
135
136
121
126
117
120
122
121
132
129
128
120
127
122
130
124
121
127
122
119
113
125
126
130
126
125
104
106
124
122
124
120
118
120
113
116
119
126
120
135
131
132
119
133
132
131
119
120
121
117
122
120
122
123
118
129
127
127
126
119
122
155
167
176
172
167
171
158
150
133
145
133
131
127
123
130
126
130
126
127
119
114
119
133
130
129
118
132
129
134
132
118
110
115
110
119
116
120
114
117
125
125
125
123
119
126
126
120
121
119
122
132
148
163
148
160
145
122
118
126
132
132
146
154
146
146
144
122
129
124
115
111
111
114
118
117
125
143
151
148
150
136
124
124
125
124
128
130
128
124
125
128
123
127
138
142
139
136
132
126
125
122
123
129
130
123
131
124
128
133
121
129
134
132
129
120
139
137
136
142
128
120
117
125
120
113
135
133
132
123
127
122
111
119
120
118
118
115
120
116
116
162
166
167
174
180
123
125
123
124
118
118
110
118
126
119
127
118
127
125
120
119
120
123
125
126
128
122
118
118
122
124
139
139
139
138
132
130
128
121
121
122
127
127
127
123
120
135
137
142
140
134
127
117
117
136
131
133
140
141
141
141
127
126
117
121
127
123
117
118
118
123
122
119
114
126
120
119
128
121
115
129
123
118
132
129
128
129
124
121
117
123
116
111
123
136
135
134
121
123
116
116
120
125
124
134
136
137
110
117
120
136
130
138
135
121
122
126
121
117
123
113
124
129
128
134
141
138
128
124
137
135
130
129
126
120
118
123
119
115
130
122
112
125
122
119
119
127
123
119
126
127
123
114
115
123
115
108
122
116
127
117
121
128
133
131
132
138
134
132
126
122
132
128
122
119
110
118
119
117
115
119
119
117
119
126
122
128
124
124
122
113
114
117
126
118
123
114
125
119
128
125
116
111
123
120
131
124
116
126
122
117
117
123
118
116
132
133
133
123
127
129
127
127
130
128
121
127
114
108
127
122
126
131
126
119
123
137
135
139
124
122
112
119
110
118
122
123
127
122
125
118
121
129
126
116
118
115
125
125
128
119
126
120
120
121
155
149
152
151
141
130
128
127
126
128
132
131
132
126
117
107
107
114
131
127
121
129
118
114
114
127
124
127
131
134
133
130
118
117
129
124
115
118
113
121
117
127
124
130
137
137
137
121
126
150
145
146
148
118
116
123
119
130
125
126
122
115
118
129
126
119
130
129
122
118
121
130
126
129
119
125
121
118
120
127
118
117
120
123
121
124
112
147
146
147
147
139
128
126
122
113
120
123
126
119
129
128
133
127
130
124
125
112
150
145
144
142
120
110
117
118
122
123
123
126
117
134
130
129
129
113
121
128
125
133
129
124
106
107
128
123
136
131
131
136
135
135
118
122
118
125
122
119
125
120
122
120
121
121
119
125
115
115
107
107
114
116
128
125
128
125
131
124
128
122
118
116
124
124
120
120
121
128
125
119
120
116
121
116
118
119
118
111
129
124
113
121
116
117
122
125
118
122
115
115
118
123
116
128
125
111
110
118
115
117
114
122
122
119
121
120
115
126
126
120
123
116
123
117
120
123
117
120
116
115
121
139
140
138
133
121
137
131
131
128
125
127
128
124
120
123
117
125
112
139
136
133
119
126
123
118
121
130
126
125
121
125
115
123
119
116
127
118
113
117
121
121
121
118
123
121
121
121
121
115
137
133
132
121
126
122
122
130
142
136
142
124
122
129
126
137
135
133
126
136
134
132
132
127
123
116
120
133
127
123
128
119
122
120
127
124
122
119
125
124
123
119
121
122
120
122
124
113
116
121
120
131
131
121
121
125
123
108
108
121
121
122
121
122
121
130
117
116
125
121
121
122
122
121
123
122
121
121
125
121
122
115
119
121
122
122
123
126
120
