152
148
142
131
128
124
122
147
128
119
126
130
123
127
127
135
130
121
127
137
129
127
131
126
121
136
136
125
130
124
123
123
139
127
122
130
123
117
145
129
128
122
132
117
134
123
125
118
130
126
135
147
121
123
124
125
123
120
121
121
123
110
110
142
126
120
129
132
129
135
123
124
128
124
120
140
126
136
127
124
122
120
141
130
125
127
130
126
134
124
125
128
131
124
128
127
133
127
126
122
105
120
112
110
113
112
112
130
126
109
109
109
127
124
130
127
126
127
126
126
127
124
125
129
129
132
126
127
126
124
129
124
126
136
110
110
127
126
125
126
131
126
126
134
126
125
117
126
124
136
138
131
127
127
132
130
137
126
129
126
135
136
125
129
127
129
136
129
132
129
126
121
129
125
131
126
132
134
131
125
127
125
133
124
127
127
126
137
129
132
128
125
127
126
131
131
135
123
135
122
128
126
127
127
125
134
130
130
125
126
127
127
125
126
126
127
126
127
134
131
131
125
133
131
132
129
125
130
130
125
127
131
124
133
133
136
131
127
127
128
126
125
139
133
129
125
128
125
128
126
