204
122
125
131
141
136
143
135
104
102
99
101
147
144
120
134
134
129
140
135
115
122
134
125
142
129
126
123
117
119
139
132
124
117
116
118
118
142
136
125
119
121
118
130
116
122
119
111
117
124
124
113
114
125
119
132
117
113
113
119
106
119
132
119
120
108
116
118
132
117
119
120
120
117
124
120
118
119
115
149
143
145
120
126
126
133
117
106
106
118
118
118
115
121
135
135
137
142
119
132
133
139
116
143
143
141
147
124
127
115
120
127
120
123
115
115
119
128
132
133
130
133
127
127
131
145
145
147
119
125
128
124
139
104
104
120
122
120
121
107
119
116
116
116
124
117
120
114
120
112
123
113
112
115
121
114
119
121
153
172
180
158
156
120
134
119
121
123
120
124
122
121
122
124
128
124
122
117
114
110
112
124
128
133
124
119
118
123
121
139
124
136
122
125
121
131
124
119
127
119
110
116
110
115
124
111
120
125
124
133
123
126
109
119
124
124
120
123
121
126
126
126
120
122
128
126
124
116
116
122
118
117
127
124
128
119
120
125
124
121
116
117
122
121
112
121
109
109
121
126
133
122
126
119
119
119
132
129
120
116
124
130
133
141
135
135
117
119
157
158
165
163
165
169
133
122
112
120
133
121
121
128
123
123
111
111
122
122
114
131
119
128
128
120
128
123
128
120
121
135
125
125
127
120
121
113
125
119
120
117
127
117
124
134
130
125
124
119
122
117
124
130
126
129
122
121
120
126
111
127
119
119
129
118
124
119
119
127
120
118
103
104
121
126
122
119
120
118
118
105
105
104
117
116
118
120
114
124
106
106
120
126
121
122
121
121
119
122
122
120
115
119
108
108
113
118
117
118
119
120
119
121
130
120
120
110
116
122
120
122
97
97
117
122
120
119
126
117
119
123
104
104
118
126
122
121
121
117
128
114
128
124
121
120
119
121
123
118
127
122
119
128
123
119
125
125
120
124
118
121
119
116
131
122
124
121
119
121
128
129
129
114
119
124
116
124
120
123
134
109
109
116
117
126
116
121
126
119
122
120
125
117
127
125
119
125
120
128
122
114
122
129
118
124
114
123
118
124
131
127
126
118
126
119
115
125
121
105
105
117
120
117
122
119
123
119
119
128
118
123
131
138
128
128
126
125
115
133
129
131
133
127
121
130
120
120
129
122
119
122
119
117
122
119
117
121
134
129
128
122
124
115
117
122
122
123
115
122
122
122
113
123
126
121
122
121
117
125
95
95
123
120
120
130
117
124
112
121
119
119
119
120
125
119
119
117
123
115
120
114
115
126
109
117
116
118
123
160
166
169
182
164
139
143
135
135
119
129
130
134
167
164
182
179
181
119
124
112
122
118
120
121
132
118
132
138
143
137
119
133
132
138
150
145
143
142
119
118
120
114
138
124
130
131
133
122
151
157
155
128
124
117
151
150
140
141
141
137
119
129
123
126
120
122
127
126
122
119
122
133
127
128
122
123
115
120
121
129
122
121
116
113
119
119
121
122
114
132
125
115
129
124
128
123
123
118
127
124
129
123
116
127
123
135
121
121
117
121
127
121
130
124
116
120
123
114
127
125
125
127
123
119
119
123
110
125
121
119
118
134
129
128
125
120
119
118
128
106
105
105
119
120
120
125
127
120
123
125
119
128
133
133
118
134
134
138
123
138
138
144
106
106
110
123
125
115
115
130
134
123
103
103
118
181
185
180
186
180
201
127
129
119
133
128
122
119
129
134
137
124
124
127
127
125
128
146
181
181
182
192
199
127
131
136
154
183
129
132
135
143
154
144
150
130
136
143
143
155
110
110
137
140
137
130
121
121
120
112
120
143
142
143
130
121
121
124
115
128
121
120
126
131
123
120
119
132
126
127
120
122
122
120
108
120
118
125
118
122
122
121
124
122
121
125
119
111
111
111
126
118
120
121
123
118
129
126
118
118
121
114
120
120
120
119
134
133
133
132
103
103
103
121
121
117
122
118
106
106
117
125
122
127
117
125
116
121
123
112
124
123
119
126
122
119
119
116
124
125
119
121
120
120
120
122
127
117
118
128
120
119
111
122
128
123
120
127
124
127
120
128
122
124
120
128
125
114
121
120
127
129
121
118
125
126
122
119
111
121
112
112
121
122
120
125
124
124
124
128
119
121
118
120
121
116
119
127
122
120
122
118
121
122
122
125
121
127
126
125
120
126
121
122
117
121
117
118
127
122
122
130
124
122
121
119
119
123
124
120
121
122
113
120
120
122
124
119
126
122
111
118
