211
224
118
137
125
147
143
123
119
119
118
141
138
121
119
120
126
123
141
118
120
124
120
118
118
130
125
123
118
113
142
137
119
126
122
120
142
136
120
118
123
126
118
135
122
118
118
120
120
132
123
107
107
111
118
118
133
107
126
120
118
118
134
124
123
110
110
123
132
119
126
122
122
119
134
127
122
111
127
124
125
125
118
125
123
119
120
115
121
120
128
124
121
128
109
109
120
123
124
121
122
111
121
111
111
121
126
121
127
125
121
122
125
122
134
126
128
124
119
125
122
121
126
122
120
