0
0
184
183
355
355
474
452
536
544
663
609
638
712
666
696
761
749
859
845
946
895
1028
1009
1097
1070
1075
1115
1175
1147
1251
1263
1308
1215
1343
1347
1397
1379
1444
1487
1512
1549
1626
1627
1659
1735
1785
1790
1804
1850
1884
1914
2000
2000
2112
2071
1985
2027
2111
2098
2135
2202
2222
2233
2327
2353
2385
2425
2493
2457
2581
2568
2636
2668
2702
2723
2820
2758
2848
2855
2922
2850
2930
2941
2985
3006
3040
3077
3065
3087
3176
3160
3288
3245
3380
3342
3444
3446
3524
3523
3643
3602
3697
3723
3778
3816
3868
3857
3944
3955
4054
4053
4125
4171
4251
4251
4244
4322
4265
4323
4341
4296
4417
4413
4558
4497
4532
4442
4527
4533
4677
4667
4772
4803
4839
4889
4941
4913
4870
4868
4968
4980
5078
5090
5219
5194
5248
5270
5359
5304
5421
5439
5533
5533
5589
5602
5715
5710
5802
5786
5910
5894
6018
6018
6126
6120
6183
6186
6228
6260
6258
6314
6366
6385
6463
6463
6579
6548
6666
6672
6780
6783
6863
6863
6973
6984
7082
7090
7172
7210
7264
7297
7312
7312
7381
7375
7466
7483
7513
7585
7547
7610
7642
7632
7752
7715
7817
7771
7838
7841
7897
7961
8002
8004
8101
8118
8218
8216
8271
8302
8365
8264
8248
8350
8292
8302
8394
8414
8500
8459
8541
8468
8584
8585
8641
8645
8757
8756
8866
8869
8976
8917
9011
8965
9032
9067
9126
9143
9203
9212
9319
9309
9348
9405
9333
9435
9438
9422
9484
9539
9601
9592
9695
9662
9704
9738
9806
9809
9881
9697
9808
9727
9820
9802
9893
9904
9899
9895
9986
9995
10078
10073
10143
10173
10250
10261
10329
10346
10401
10436
10511
10515
10581
10599
10694
10662
10727
10768
10827
10834
10931
10946
11026
11048
11128
11141
11241
11234
11265
11278
11374
11370
11447
11450
11529
11523
11634
11595
11609
11641
11712
11675
11708
11687
11748
11797
11790
11775
11865
11869
11964
11971
12006
12032
12117
12112
12163
12187
12284
12194
12274
12292
12379
12335
12420
12444
12514
12476
12579
12579
12691
12677
12778
12777
12867
12887
12942
12922
13044
13021
13136
13125
13228
13231
13351
13338
13396
13403
13520
13483
13553
13565
13666
13630
13686
13718
13793
13783
13894
13884
13984
13952
14068
14068
14172
14161
14247
14199
14289
14310
14409
14406
14517
14471
14592
14558
14626
14626
14750
14743
14847
14822
14904
14917
14978
14990
15062
15055
15145
15173
15253
15238
15331
15302
15415
15360
15474
15464
15583
15564
15666
15658
15714
15700
15793
15778
15851
15842
15858
15827
15942
15935
15990
16019
16113
16093
16177
16178
16253
16234
16343
16263
16359
16380
16478
16451
16537
16550
16591
16621
16655
16669
16745
16760
16796
16786
16881
16886
17001
17006
17099
17088
17187
17138
17246
17144
17265
17260
17377
17319
17416
17440
17516
17523
17623
17634
17719
17742
17818
17813
17803
17901
17818
17920
17922
17925
17963
18025
18084
18067
18178
18143
18212
18208
18261
18246
18324
18351
18405
18423
18508
18512
18567
18631
18632
18523
18621
18638
18724
18716
18728
18726
18757
18788
18757
18860
18812
18808
18837
18893
18907
18940
18932
19009
19057
18931
19023
18903
19010
19013
19009
19068
19067
19103
19164
19170
19274
19234
19273
19308
19368
19382
19452
19499
19515
19572
19581
19558
19680
19638
19765
19751
19842
19861
19864
19815
19910
19933
19921
20021
20036
20021
20059
20123
20150
20117
20227
20141
20207
20207
20249
20263
20318
20269
20267
20320
20370
20344
20415
20443
20497
20516
20607
20616
20721
20711
20818
20808
20910
20900
21009
20999
21037
21030
21132
21139
21125
21196
21232
21239
21292
21323
21346
21358
21400
21434
21430
21439
21475
21430
21510
21497
21599
21605
21614
21563
21627
21458
21500
21458
21486
21514
21547
21551
21665
21633
21718
21700
21670
21740
21765
21720
21814
21821
21931
21913
22014
22027
22118
22104
22157
22201
22173
22214
22246
22237
22270
22302
22379
22375
22446
22409
22515
22525
22546
22586
22662
22653
22730
22735
22823
22828
22916
22898
22913
23004
22988
23008
23012
23091
22992
23054
23055
23056
23164
23155
23253
23200
23262
23324
23360
23373
23462
23440
23538
23553
23644
23647
23752
23747
23977
23961
24105
24094
24151
24171
24232
24256
24296
24324
24355
24366
24468
24466
24570
24549
24647
24614
24728
24646
24688
24625
24733
24677
24725
24646
24675
24630
24633
24616
24717
24734
24792
24792
24866
24874
24943
24978
24964
24979
25067
24986
25101
25049
25109
25126
25138
25196
25176
25168
25255
25242
25340
25298
25201
25287
25246
25279
25322
25314
25384
25393
25494
25502
25576
25595
25532
25484
25552
25539
25500
25497
25592
25588
25593
25576
25643
25673
25735
25754
25829
25825
25870
25931
25946
25975
25995
25961
25954
26059
26051
26070
26122
26079
26164
26197
26255
26229
26225
26231
26324
26318
26365
26281
26267
26386
26377
26381
26246
26465
26305
26341
26376
26398
26459
26491
26576
26523
26570
26503
26604
26597
26684
26642
26626
26455
26389
26536
26478
26485
26591
26542
26584
26563
26503
26643
26585
26295
26348
26363
26330
26445
26335
26335
26457
26415
26564
26498
26565
26588
26639
26590
26553
26478
26528
26299
26390
26360
26283
26301
26270
26383
26363
26369
26243
26198
25973
26130
25771
25822
25685
25613
25456
25689
25528
25412
25311
25166
24936
25096
24105
25029
23543
23591
23185
23168
20797
21065
20558
20702
