180
163
144
190
194
129
169
168
149
139
140
129
205
203
195
125
134
128
126
125
125
125
129
136
128
124
152
164
172
151
169
141
135
152
169
155
158
154
152
150
130
136
272
269
278
348
233
236
300
281
279
278
142
205
266
229
240
245
136
139
135
182
185
175
175
169
134
133
132
143
137
139
137
129
131
144
136
135
145
138
146
142
142
138
135
127
131
139
136
133
134
138
136
134
134
131
136
131
114
114
138
114
114
140
135
132
133
131
131
130
135
130
130
133
129
140
119
119
139
131
132
138
137
133
146
139
137
143
135
140
141
132
124
141
137
147
144
135
131
132
128
145
140
136
132
141
136
132
125
132
145
141
137
145
144
138
140
131
131
140
134
132
137
131
136
136
130
141
135
137
136
143
137
135
126
151
158
155
152
145
140
141
139
130
132
132
150
145
145
137
131
131
142
138
139
133
138
144
145
138
135
134
138
138
133
135
131
149
139
137
135
137
136
141
137
130
139
136
129
145
132
134
131
135
132
141
134
130
134
135
131
133
145
125
130
139
138
137
137
140
129
137
139
132
136
138
129
129
131
137
113
113
135
128
138
135
137
134
138
138
136
141
113
114
121
133
124
133
133
145
118
118
132
134
130
132
139
113
113
113
136
133
134
117
117
146
144
145
138
131
138
132
131
138
139
136
135
134
138
129
131
131
132
120
120
120
130
138
140
136
127
138
132
134
131
127
131
132
133
140
125
128
134
132
132
139
140
140
131
131
147
150
134
133
130
137
133
134
116
116
125
134
126
137
115
115
133
132
136
134
128
128
129
133
125
125
131
118
118
131
133
134
136
135
132
126
137
141
140
144
145
141
143
133
117
115
152
151
156
153
137
137
189
189
198
212
238
238
246
218
218
216
225
179
151
134
146
136
142
137
133
133
134
128
135
136
136
134
136
138
134
137
145
141
139
131
140
138
131
132
132
132
136
137
138
138
139
132
141
142
131
127
127
141
133
141
136
141
124
134
129
131
120
120
117
118
134
131
140
132
136
144
138
137
113
113
132
117
117
131
138
132
112
112
135
140
128
135
131
134
139
138
149
144
146
142
131
129
136
133
131
139
142
132
115
115
115
131
133
133
130
133
130
137
147
147
144
133
132
135
139
133
142
132
116
116
142
114
114
114
115
118
118
130
132
135
137
132
133
133
129
138
139
145
135
149
143
146
143
144
129
126
127
132
134
138
136
133
130
132
131
142
136
138
141
140
141
138
133
141
142
131
116
117
128
134
131
121
121
117
117
131
135
134
132
114
113
113
130
133
129
129
116
116
116
116
128
137
118
118
157
162
152
155
132
130
131
132
184
179
167
167
176
133
128
126
130
140
143
137
141
166
166
188
190
173
159
166
300
305
305
306
303
314
306
286
300
322
316
316
131
115
115
137
128
127
131
129
139
139
135
133
127
126
126
120
120
129
132
122
131
137
128
129
114
114
142
135
130
131
132
131
134
138
130
132
132
120
120
134
138
130
134
133
137
137
140
138
134
133
131
141
116
114
117
117
135
131
113
113
113
138
131
135
140
141
147
117
117
134
141
133
131
126
133
132
116
116
116
136
137
131
137
129
132
135
115
115
137
139
134
130
132
133
134
145
144
139
113
113
114
134
131
131
130
129
121
120
120
134
141
116
116
132
148
129
116
116
116
116
142
132
136
115
116
115
133
120
122
122
141
137
132
115
116
137
120
120
144
144
151
131
132
130
130
133
185
187
224
222
205
211
205
115
114
126
132
134
129
134
150
150
149
139
137
135
182
181
191
181
176
146
140
139
155
134
136
113
114
114
137
132
135
129
132
132
135
133
135
143
131
140
131
129
145
143
119
119
146
132
135
132
133
137
133
112
113
131
113
113
113
131
133
133
111
111
111
131
132
115
115
115
124
135
138
133
131
136
132
136
132
135
129
132
144
139
132
132
112
112
112
129
111
111
111
142
137
125
125
135
138
137
138
134
125
132
126
132
127
133
131
131
130
136
133
134
137
131
144
131
132
129
129
125
137
120
134
125
129
134
139
132
130
135
131
130
132
139
133
134
135
135
131
144
112
112
121
121
135
142
126
130
142
139
136
130
136
133
119
119
131
131
137
130
132
138
132
132
138
134
133
134
134
131
134
136
130
134
131
114
113
113
134
134
134
128
133
133
139
130
132
135
134
133
141
143
141
129
133
134
134
132
128
138
146
133
134
144
140
142
140
130
132
133
131
136
112
112
111
134
130
127
136
133
142
133
139
136
134
143
