311
319
160
203
218
184
143
153
151
181
166
116
118
131
126
136
144
134
135
140
134
129
138
160
152
143
135
124
124
151
128
142
163
182
160
137
138
122
126
138
147
135
154
164
138
145
133
125
122
210
195
130
136
151
143
133
124
158
169
134
134
132
136
163
154
113
119
125
145
133
138
152
154
136
140
137
139
135
137
150
154
136
137
135
152
148
153
153
138
140
136
149
143
148
153
138
142
151
139
119
129
151
147
147
136
117
115
121
128
141
141
149
139
127
123
133
139
150
152
135
143
151
143
134
140
140
144
150
148
150
151
148
144
131
125
129
131
139
133
118
130
118
119
133
146
157
161
148
147
158
154
161
172
159
161
156
154
141
140
144
152
162
146
151
145
190
185
151
147
128
119
132
128
127
125
127
124
129
131
165
172
176
172
169
160
149
165
152
157
147
139
161
161
173
159
126
128
129
129
129
138
154
155
162
164
162
166
194
194
146
158
158
160
187
203
219
236
150
264
160
168
193
178
166
170
195
154
185
190
193
215
189
177
171
146
145
140
140
141
158
158
144
139
141
157
164
156
148
162
166
150
132
132
147
160
144
140
142
136
145
143
149
147
141
141
143
139
145
148
154
146
153
148
155
143
132
136
138
135
150
159
145
149
155
156
151
148
148
145
145
159
160
155
143
139
140
156
148
142
143
147
160
139
152
143
153
158
150
151
153
155
150
165
169
141
144
141
142
144
154
141
158
140
117
114
128
130
142
156
144
164
146
141
141
153
144
130
129
143
142
154
137
117
120
156
158
145
159
143
161
163
144
141
144
148
157
137
149
148
143
141
150
146
141
144
147
141
141
137
144
155
143
142
144
137
141
139
142
140
145
154
139
137
153
162
163
161
167
149
203
196
161
154
165
158
159
157
185
185
141
157
132
150
155
162
153
166
152
173
158
153
150
149
150
200
210
170
170
162
165
160
157
159
155
165
160
175
179
160
142
128
126
119
127
132
135
119
119
143
141
172
194
186
169
160
161
181
186
157
140
147
158
143
138
171
192
215
218
205
179
147
147
174
163
142
133
127
125
125
123
144
142
152
147
131
121
133
130
139
138
143
129
116
116
124
118
112
115
135
131
149
137
116
123
117
121
114
118
115
118
146
148
141
142
139
142
159
155
142
136
141
152
173
170
149
142
144
132
133
134
181
174
147
148
155
163
147
143
143
136
143
140
143
141
141
135
119
137
138
136
127
141
136
134
130
149
136
136
138
142
145
148
130
138
140
141
147
135
123
130
126
126
135
158
170
142
151
152
149
145
144
141
138
125
125
125
139
140
148
156
158
148
141
138
148
144
124
135
120
123
130
149
146
145
145
159
146
142
126
139
115
117
115
114
112
114
113
119
114
113
130
134
138
156
155
155
142
149
151
157
144
143
155
145
146
146
142
147
148
150
145
156
145
146
146
141
145
149
156
143
144
150
150
148
154
144
142
157
150
160
147
148
160
152
156
158
144
161
158
150
152
150
146
160
151
157
149
150
149
162
143
119
119
126
129
147
143
144
147
155
143
139
137
146
140
141
146
161
150
145
149
147
145
146
146
149
148
166
153
124
119
119
124
183
181
151
169
180
189
188
217
247
229
200
199
174
152
144
145
143
