0
0
0
0
1
0
0
0
0
1
0
0
0
0
0
0
1
0
0
0
0
0
0
0
0
0
0
0
0
0
0
0
0
0
170
174
308
605
375
841
1
88
0
0
0
0
0
0
0
0
0
0
0
0
0
0
0
0
0
0
1
0
0
0
0
1
1
1
0
0
0
0
0
0
0
2687
2520
2039
1587
2288
2541
2155
3006
2739
2467
2515
2506
2430
6034
5787
6176
2967
3300
6130
6058
5376
5362
6182
6648
6294
6539
6158
6282
6615
6374
6410
6187
5791
5648
5789
6782
8053
8028
7205
6082
7023
8272
8274
8260
8427
8216
8392
8759
9048
8709
8891
8822
8523
8443
8437
9697
9756
8727
8846
8957
9424
9397
9018
9797
10666
9452
8972
8053
8064
7707
8071
7009
4965
4833
5432
6792
7806
4457
5131
4205
4379
4528
4452
4491
4127
4418
4089
4029
4020
3903
2620
2691
2995
3582
3745
2404
2461
2534
1768
2290
2588
1924
2170
2211
2294
2304
2071
782
1344
4748
3978
1957
1855
2266
4754
4665
4176
3206
5427
5632
4637
4594
4566
7372
6222
5867
5716
7388
7209
7361
7529
7455
9131
8905
8667
8679
7668
10912
10035
9810
9029
9071
14899
13984
15569
15013
15003
15196
15339
16761
16434
16469
16203
16052
16827
16995
16967
20655
20238
17372
17506
17643
19744
19977
19920
19939
20887
19068
19377
19409
19378
19370
23142
22340
19297
22015
22113
22084
22988
23318
21510
21598
21599
23021
22470
21746
21742
21668
21578
21399
26188
25434
25952
22641
25737
25372
25931
26107
26306
25493
25672
25894
25017
25232
25376
25387
23397
23411
24271
24896
22421
22408
23293
23120
23049
21176
21202
21302
22003
22451
22107
21012
21550
21649
21786
22087
21870
22148
22182
22214
21822
22273
22257
22292
22984
24196
23976
24019
24040
26299
26433
26798
26748
26269
26422
26429
24270
24254
26391
26852
24959
24242
24506
24504
29117
27870
26806
25186
25219
29375
29497
29225
29225
29246
29260
29151
29383
28235
28275
28858
29083
28367
28327
28365
28564
28215
27929
28412
28399
28520
28524
27562
27989
28108
28210
28264
28141
28256
27668
27682
28006
28450
28401
27421
27688
27980
28286
28122
28279
28412
28409
28406
30416
30959
30526
31022
31039
30560
30528
30155
30392
30543
30497
30718
33094
33328
30507
30774
30717
32204
32311
32818
33024
32986
32729
32039
32408
32502
32438
32397
32407
32212
32285
32762
33155
31742
32887
33145
33422
33683
34719
33641
32501
34820
35123
34879
34801
34794
38973
38474
38257
38238
38932
37550
39037
39210
41189
38164
38089
38451
37934
45574
41898
41885
41382
41329
46349
45487
46250
46954
46963
46381
46343
46320
47611
47844
48468
48426
48053
52227
52447
52301
51437
51253
51816
51860
51941
52612
52259
51324
51397
51923
52001
52464
52366
52455
52256
52715
52680
52451
52085
53645
52907
53666
53712
52603
52748
53059
53337
53346
53656
53413
52649
53194
54194
54202
53974
54396
54256
53702
53554
53494
53837
53342
53464
53642
51030
53290
51356
51217
51129
51120
51109
53367
53507
53507
52920
51884
55268
55360
54831
54816
54699
57324
57616
57943
59997
60063
60062
59942
59906
60400
62451
62360
62353
61400
61220
61348
62407
60483
60566
60365
60695
61831
62183
60268
60587
60791
64677
64609
64727
63751
63850
61839
61922
61938
62577
64494
62672
62693
62083
61821
61909
62632
62593
62809
61604
61324
62167
61989
62026
62432
62212
61884
63091
63111
63426
63413
65215
65630
65998
65921
65927
65299
65322
65633
65568
65490
65752
65642
66147
66121
66000
66003
66315
66132
66013
65912
66088
66148
66988
66582
65544
65942
65967
67690
66751
66673
67804
67803
68141
67410
67789
67821
68157
66761
67396
64825
64821
65245
65495
66796
64226
64114
64383
64363
64684
64564
64424
64465
64263
64647
64321
64800
64886
67476
64252
64496
63553
64549
68162
68666
68993
68742
68566
71650
71377
68092
68015
68370
71011
70795
70718
71148
70788
70563
71180
71208
73133
73379
73602
73671
73826
75414
74373
73201
75449
75014
75348
75284
75425
78877
78672
78789
78986
79019
78096
78573
79160
79299
78110
78227
78150
78059
78664
78975
78516
79525
78501
79765
79505
79677
79379
79606
83442
82366
79972
80057
88507
87581
87663
84688
84624
88057
88155
89083
89043
88605
89223
89317
89215
89194
88492
89597
89451
89478
89416
89788
88460
88506
88952
88096
88490
88805
87408
87917
87853
87603
87591
87509
87491
89838
89773
89852
89995
89397
89637
89591
89750
89085
89373
88089
88411
88570
88591
90589
90920
88857
88658
88746
94152
94134
94438
94500
94399
95024
95193
94223
94410
96007
96036
95965
95976
96208
99452
99085
99126
94633
96027
100427
99966
99164
99386
99117
100374
100104
100066
100440
100081
100561
100569
100499
100750
101654
100343
100567
100495
100501
101543
101483
101558
101665
100819
101227
101104
101804
101837
101142
101368
101364
100665
100655
100665
99828
99645
99008
99034
98387
98396
98452
97477
97535
96564
96568
97334
97299
95662
94982
95561
95566
96508
98121
96075
93097
93340
94162
100760
98548
98235
97610
97428
100675
100744
100724
101180
100829
100919
100925
100945
100933
100835
100239
100221
100012
99332
100354
98547
99482
99083
98152
98208
97789
97490
96844
97236
96425
96421
96406
96484
96216
94498
95148
95551
96281
95893
94745
94153
94162
93839
93002
92624
92764
92861
91852
92100
92065
91938
92460
90582
90993
90901
91209
89104
89838
89744
90715
87788
88513
87309
87745
86984
87241
86353
86575
85790
86492
84855
83850
84605
84588
81757
82119
83302
82371
81615
81669
81844
82132
80090
80818
81180
80156
79378
79277
78582
78612
78851
78549
77585
77683
77526
77168
75081
77136
74541
74552
74655
74588
73574
74349
73031
72438
72185
72164
71906
71724
71043
68404
70874
71082
67419
69125
66361
67269
67528
65943
66046
66360
66206
62986
63470
64958
65980
59661
60554
60352
60973
58880
58954
59406
58288
58371
58797
57671
56961
55892
54113
56169
54122
53962
54246
53795
52594
52267
51374
51930
49521
47709
47445
46068
46374
47086
46021
42284
41801
39082
39800
27806
36868
34922
23409
17485
23487
7719
6162
5284
4478
1
0
0
0
0
0
0
0
