207
146
138
138
144
136
139
132
138
211
206
138
139
136
152
118
122
188
194
192
195
187
209
161
152
150
149
149
140
119
107
106
124
132
180
206
200
197
191
198
185
185
182
187
187
189
196
210
193
188
137
130
142
201
187
176
172
165
154
152
190
185
184
184
192
199
205
203
203
222
216
165
171
174
174
170
179
192
193
208
140
140
217
219
199
207
209
215
209
213
221
166
166
168
180
199
204
168
170
183
188
171
171
151
163
158
160
150
137
119
122
122
110
110
170
171
178
178
178
178
131
132
131
131
106
106
106
135
137
142
125
143
149
144
144
150
145
122
127
128
124
138
134
132
132
110
110
125
108
109
124
125
119
175
175
176
123
179
177
129
123
109
110
109
110
131
128
119
130
129
129
128
114
114
125
133
123
119
131
130
130
123
135
124
125
135
132
130
123
127
120
120
123
113
113
128
131
121
113
113
109
109
124
130
122
111
111
125
122
125
135
135
106
106
117
114
101
101
108
110
110
112
112
121
114
114
116
120
120
122
129
134
119
126
180
181
183
183
186
190
129
127
107
107
107
105
105
105
126
136
132
104
105
104
126
125
108
109
109
109
138
129
130
137
135
132
109
109
132
128
109
109
110
128
126
124
115
115
128
130
123
130
126
105
105
105
105
114
114
113
114
124
125
173
174
173
168
165
138
191
190
191
112
111
182
200
192
177
178
179
178
177
117
190
176
178
132
148
199
190
189
134
197
209
202
205
200
204
141
142
153
150
151
124
128
125
112
113
119
125
118
118
125
119
125
110
110
110
116
137
105
105
171
178
179
181
184
163
132
130
124
116
116
119
120
128
124
124
129
107
107
104
104
127
127
137
129
143
110
110
119
123
126
178
186
184
186
180
194
140
145
145
132
132
123
123
127
123
118
128
130
124
129
126
147
144
144
143
132
128
123
133
123
135
138
136
136
119
112
112
131
125
116
123
131
124
127
128
127
116
123
137
137
137
140
124
129
132
126
132
131
127
136
129
141
145
133
133
134
132
129
140
138
136
124
121
132
124
129
124
129
129
125
124
141
133
133
143
139
132
134
137
142
145
146
141
136
139
128
116
132
128
134
129
127
124
125
150
175
172
160
173
176
136
133
138
117
124
139
132
136
146
136
140
139
140
138
134
130
126
123
130
129
129
128
122
125
122
118
121
124
124
127
133
124
133
134
127
135
130
134
129
124
123
129
123
128
123
121
128
135
131
131
148
166
162
166
156
126
130
118
137
136
135
142
149
175
169
184
176
171
163
136
135
145
136
128
126
123
132
127
122
128
141
138
140
127
121
123
108
108
108
108
128
105
105
105
121
121
130
133
131
122
172
173
173
173
174
195
138
111
112
111
111
129
129
111
111
111
111
111
111
121
172
198
197
193
185
182
106
106
107
114
112
112
135
133
130
130
126
122
128
112
112
117
111
111
128
126
132
125
122
120
123
123
121
162
183
176
175
142
158
172
196
194
194
193
136
197
212
192
194
157
152
151
153
143
128
131
122
111
111
123
121
123
110
111
111
144
145
155
184
184
183
183
171
184
110
109
131
131
136
141
195
195
195
197
105
108
108
208
207
144
143
145
138
139
140
129
129
160
163
129
166
172
164
165
124
106
106
121
123
108
108
126
113
113
113
121
175
175
174
164
162
124
127
126
158
153
147
142
139
150
140
140
140
144
110
110
122
112
112
125
121
121
142
139
141
122
114
114
114
132
108
108
175
186
175
188
191
171
161
161
177
213
114
114
123
128
130
105
105
105
123
124
122
122
106
106
107
107
130
128
130
123
106
105
106
127
176
176
128
184
178
178
177
192
184
178
193
195
196
162
163
170
177
159
165
184
188
187
114
109
175
170
171
137
126
140
126
133
131
138
152
141
136
136
146
107
107
107
123
125
123
108
160
170
177
199
190
141
149
157
148
199
126
114
115
180
181
181
165
165
134
132
131
131
170
105
112
109
142
146
142
137
134
116
117
123
107
186
184
190
186
210
190
172
190
166
129
140
169
185
124
128
128
130
123
118
117
118
117
125
129
129
146
144
133
123
119
119
116
126
106
107
106
153
165
172
206
214
226
222
226
173
177
180
191
222
126
128
126
126
171
172
164
176
183
178
171
171
168
178
167
172
161
175
177
196
200
172
124
116
135
151
116
110
132
122
127
135
136
136
143
127
127
157
164
143
132
108
104
104
124
132
131
126
123
125
128
189
175
175
176
191
124
124
124
148
197
134
128
162
171
129
126
169
169
175
191
200
203
210
198
207
204
200
190
174
181
211
202
184
187
180
180
199
195
191
191
176
177
195
167
173
189
166
205
195
178
169
185
168
139
148
164
184
145
190
192
171
177
188
198
187
156
155
155
170
178
160
160
160
165
183
158
137
129
168
170
190
184
199
206
187
195
158
154
151
137
133
130
127
132
123
137
132
129
130
124
132
125
125
132
124
142
144
144
144
135
128
124
126
126
126
147
146
150
161
158
130
134
133
130
123
134
125
132
132
126
118
137
146
141
144
138
140
137
129
130
165
166
172
140
151
181
181
188
110
110
121
127
130
119
131
130
124
130
117
145
140
144
121
119
130
128
131
125
124
134
129
124
122
131
129
124
123
138
136
131
104
104
126
125
121
125
139
141
138
128
124
104
104
143
141
134
129
123
124
126
139
140
138
130
130
117
133
130
135
128
121
125
129
129
128
127
124
128
127
135
131
128
121
128
124
131
138
130
126
120
137
140
129
138
105
105
133
134
133
129
126
120
125
126
128
125
111
111
111
120
158
115
139
139
139
156
153
190
182
182
165
184
141
136
142
109
117
145
198
198
128
197
194
195
197
170
175
191
192
194
127
128
129
131
210
134
197
204
188
189
206
207
170
187
169
185
192
204
129
135
103
103
116
131
123
123
124
172
164
162
160
173
172
122
133
135
128
128
177
179
182
202
189
194
161
162
164
160
160
177
134
132
128
154
124
114
114
139
133
140
130
125
125
137
138
139
179
180
179
198
183
184
156
169
153
152
153
112
112
187
198
178
192
188
187
140
140
140
140
131
132
132
160
158
221
214
220
219
234
182
193
193
210
205
182
172
172
207
229
139
142
145
139
136
128
121
130
133
133
136
148
111
112
117
115
115
130
122
127
123
152
171
162
191
177
193
193
179
179
173
169
167
123
177
208
200
182
193
192
118
117
132
127
122
123
190
203
129
203
203
214
208
105
103
104
122
133
129
117
117
132
129
131
130
134
136
140
138
135
129
130
171
162
157
113
114
115
114
177
185
187
197
195
140
158
165
178
201
151
190
204
209
199
200
211
187
178
182
184
184
204
188
157
187
172
174
163
173
185
183
187
137
138
164
193
192
114
112
111
146
162
162
182
182
149
150
179
184
123
102
103
102
136
120
120
130
113
111
118
164
179
191
197
218
202
225
222
159
184
176
195
221
124
122
146
142
143
141
143
160
164
164
178
167
160
145
140
133
133
120
126
112
112
201
209
203
201
198
191
123
130
123
124
111
111
147
146
146
146
158
183
186
179
179
188
195
202
191
142
170
177
174
174
105
105
105
105
123
126
132
192
191
192
195
134
180
198
125
121
108
108
128
123
125
126
127
123
117
121
128
129
138
135
133
133
122
130
126
120
125
122
130
130
134
135
128
129
126
125
134
125
118
127
127
126
115
121
123
121
128
126
123
135
130
132
176
185
192
193
194
205
144
117
117
127
131
130
125
133
145
146
143
139
124
127
126
124
120
129
123
130
123
132
132
134
124
124
131
135
120
126
116
123
135
129
123
132
124
128
130
124
124
132
128
130
128
124
123
119
125
130
118
125
123
110
110
110
122
135
130
130
126
127
124
149
132
132
137
145
135
187
190
186
193
132
128
127
127
133
127
129
109
109
135
115
115
127
131
140
129
134
136
135
136
149
152
153
151
131
128
138
132
126
129
121
126
124
129
125
125
126
123
126
129
133
133
127
130
134
128
128
129
124
122
122
132
125
129
125
136
127
125
128
134
129
128
123
136
128
128
129
131
130
129
132
125
129
131
107
111
127
127
136
132
125
130
128
126
127
124
125
124
126
129
138
130
135
132
127
131
137
125
130
122
131
131
128
131
128
119
124
128
138
132
132
130
128
128
124
150
132
128
127
128
128
124
133
128
128
125
124
124
123
128
130
125
125
126
128
123
132
129
129
126
131
123
128
137
128
110
110
125
126
138
128
138
126
125
117
125
128
125
125
139
126
