212
196
123
134
112
109
117
138
111
116
116
110
131
120
120
112
101
101
122
126
102
120
120
119
114
125
110
126
121
118
117
116
119
115
119
117
114
132
130
118
117
105
116
108
129
122
119
107
109
112
118
123
118
111
122
119
128
114
114
119
120
136
129
122
118
116
113
113
135
131
121
114
117
119
108
116
108
118
120
106
154
176
179
196
188
167
181
157
145
129
137
130
135
141
124
121
124
114
107
129
120
127
123
121
123
120
126
123
118
127
123
121
110
130
128
129
126
119
112
112
114
129
126
129
128
120
126
118
122
114
109
125
122
115
113
117
114
118
121
112
109
122
119
114
123
126
137
130
122
130
131
132
134
128
119
120
117
113
115
125
123
122
113
120
120
113
123
126
133
132
129
123
118
129
139
139
141
133
122
117
131
118
118
124
118
116
114
111
107
115
115
123
122
122
122
120
123
120
121
127
122
117
114
108
124
122
122
115
123
117
109
118
113
119
114
114
106
106
106
112
112
116
110
113
116
111
112
114
115
126
125
118
113
116
110
100
100
100
125
120
115
115
118
114
114
111
121
118
117
117
112
125
121
117
116
111
121
116
114
122
124
125
118
107
119
115
112
113
115
127
123
121
126
118
109
113
117
116
115
123
122
110
117
124
115
119
117
115
157
158
158
160
163
119
119
129
124
102
102
108
102
124
111
144
144
144
154
149
162
117
116
179
182
182
186
189
189
119
135
119
134
116
120
115
116
118
119
157
169
171
171
172
131
130
132
121
115
128
124
129
126
125
120
124
120
114
146
146
142
146
135
121
115
128
120
120
121
111
121
124
122
122
116
145
145
147
160
154
117
113
143
140
142
139
122
123
111
126
125
120
120
113
123
122
125
117
117
108
115
116
116
125
121
120
109
113
101
101
115
94
94
114
114
112
125
124
114
119
117
116
122
118
118
124
121
122
118
124
123
121
124
122
123
120
115
126
124
125
120
120
122
119
114
170
173
180
186
188
189
139
141
153
153
155
160
161
164
163
166
166
172
167
165
149
150
153
151
139
119
119
120
123
112
113
113
161
161
180
189
184
173
141
141
111
119
123
122
120
122
119
132
131
134
123
124
119
115
121
148
148
156
162
162
116
127
135
140
138
137
127
124
121
121
117
128
155
160
147
154
146
117
115
118
103
103
144
151
153
168
168
131
115
121
116
95
96
111
114
117
110
117
121
114
114
98
98
99
99
99
99
112
123
120
119
118
115
115
117
122
123
115
108
119
115
114
107
123
121
114
115
114
103
103
117
116
126
100
100
100
110
110
116
117
124
122
135
129
135
134
133
131
129
124
118
116
128
123
120
112
109
117
116
130
125
123
118
121
124
118
158
162
153
166
161
161
132
125
122
126
130
132
133
126
123
120
115
138
133
138
138
127
116
119
114
114
128
125
126
125
119
127
127
127
125
126
125
126
115
108
121
114
116
123
117
117
101
101
122
118
121
116
131
127
129
126
125
119
105
122
115
123
116
118
107
117
121
115
122
119
109
114
112
117
112
114
107
113
112
129
129
129
127
115
121
118
119
119
128
130
134
130
121
116
126
121
118
117
115
122
117
128
127
117
115
123
119
117
118
119
113
116
118
119
113
118
116
111
120
113
117
117
115
123
125
126
124
121
115
115
125
117
109
116
109
121
121
124
118
137
135
136
134
133
126
128
125
119
124
121
124
133
142
153
149
141
121
120
111
119
99
99
117
110
110
114
112
114
144
140
140
137
113
127
122
123
116
121
113
127
141
143
143
138
120
122
117
114
129
129
129
130
121
118
131
128
130
127
120
118
111
113
116
111
117
126
121
118
110
109
114
119
110
122
127
133
126
127
130
134
134
134
119
120
119
125
122
132
135
125
131
132
125
125
118
109
111
120
120
114
108
124
123
117
117
126
121
120
118
113
117
111
116
115
112
116
116
130
126
127
115
113
108
114
114
109
112
133
129
129
117
130
127
125
124
121
114
130
126
125
114
135
131
130
125
119
118
110
142
139
139
138
126
116
114
118
117
119
119
121
115
118
112
112
116
116
111
108
123
118
120
114
119
112
129
121
125
120
130
127
126
116
110
109
115
102
124
118
111
126
116
111
116
126
122
121
119
124
116
123
119
117
114
114
116
111
119
99
99
117
115
123
116
116
113
124
116
124
119
127
124
124
115
120
117
115
115
115
127
125
121
116
117
117
120
118
117
117
116
124
119
113
125
121
117
122
120
117
107
97
118
124
118
122
121
106
115
119
121
118
117
