211
179
150
148
138
140
118
151
142
133
125
127
122
140
136
123
124
123
123
139
128
126
120
137
126
133
113
116
129
114
125
140
120
135
121
126
126
131
108
108
123
122
126
127
96
97
103
103
115
115
120
109
109
128
145
135
135
121
123
129
142
142
125
124
126
126
143
122
127
125
121
128
144
126
129
122
125
126
140
125
134
130
129
120
146
140
139
127
124
126
141
143
131
128
135
130
129
137
136
127
130
111
111
125
125
131
121
126
126
132
131
120
125
126
121
115
115
115
117
117
128
134
132
125
133
130
133
131
124
124
112
112
125
128
129
129
128
128
122
119
104
104
110
109
126
135
133
130
131
130
133
134
133
129
128
129
128
120
114
106
105
104
103
140
131
132
129
129
132
124
111
111
123
126
132
112
112
135
126
113
121
117
114
114
101
100
111
112
129
128
125
130
125
129
122
128
130
113
113
129
126
128
125
116
116
123
129
125
119
109
110
128
116
117
127
131
133
131
122
114
115
132
130
131
129
132
131
129
134
126
132
127
130
134
133
130
130
130
132
122
127
122
127
126
140
126
132
128
137
132
135
132
132
130
122
133
129
144
114
114
110
110
128
128
129
127
128
132
127
130
111
111
118
133
126
130
135
120
128
140
134
112
111
102
102
125
128
123
122
117
117
117
122
133
129
131
121
113
113
99
99
116
112
112
115
126
124
123
125
134
129
125
126
131
127
132
130
132
133
122
124
130
128
136
131
132
130
131
134
130
132
128
130
123
122
131
110
110
116
114
118
101
101
137
132
120
133
133
125
129
119
134
129
119
122
100
100
126
126
137
138
124
131
131
130
131
128
136
130
123
134
129
121
127
121
136
129
124
130
125
127
116
116
96
97
131
116
116
100
100
128
126
141
133
127
131
128
129
137
126
125
132
129
129
133
132
127
127
112
112
115
137
130
136
140
136
128
115
115
115
124
121
125
131
128
136
129
133
132
126
132
130
135
129
130
132
136
127
128
133
130
133
133
133
132
132
129
136
134
133
133
125
128
128
131
140
127
136
133
138
131
131
128
132
129
130
129
132
132
125
133
132
130
130
131
131
129
135
132
130
132
131
129
129
132
127
126
125
104
104
124
128
139
137
126
128
130
135
135
134
132
134
129
130
131
129
135
132
126
132
133
133
128
135
126
122
125
116
132
130
131
131
134
129
124
129
128
122
129
129
130
129
130
131
133
130
128
127
132
138
134
127
132
129
129
127
124
132
128
140
132
132
138
133
133
124
136
133
135
134
135
131
136
137
127
137
132
125
121
138
136
131
129
129
125
128
129
124
129
122
130
129
129
135
132
126
140
132
130
113
115
98
99
129
133
130
132
130
139
133
131
132
130
134
129
130
129
131
132
130
132
137
125
117
117
119
121
134
132
133
133
134
129
129
129
130
134
129
129
131
131
126
137
130
133
130
130
135
125
118
116
124
129
128
130
113
114
116
129
128
132
132
126
117
114
119
123
135
133
137
129
129
130
121
132
134
128
133
130
129
126
130
126
124
124
135
130
136
137
128
113
130
128
113
112
114
129
136
121
128
123
134
129
135
131
133
129
135
127
127
136
131
129
128
120
133
132
130
129
134
131
122
135
134
131
129
132
127
133
131
118
129
133
119
135
141
122
129
122
124
126
127
134
129
130
130
133
131
132
130
134
130
125
121
127
128
133
130
128
131
132
132
128
112
111
99
99
131
135
135
132
131
132
133
130
131
129
133
131
132
134
133
133
131
131
126
135
130
130
129
137
131
136
129
127
130
132
134
129
129
130
131
131
133
128
136
129
131
128
134
138
124
119
118
117
135
131
132
128
130
136
126
116
116
116
134
131
128
127
135
127
125
134
132
124
104
104
115
126
133
126
128
127
134
129
129
135
133
131
122
135
129
136
134
129
129
131
136
131
131
129
129
128
129
130
132
127
126
129
130
135
131
125
136
131
123
135
131
132
129
125
124
129
131
132
131
129
130
129
132
129
129
132
129
133
132
146
141
130
129
130
141
132
136
134
132
126
130
127
134
124
131
131
133
132
130
132
130
133
136
134
130
133
140
135
129
133
136
132
113
112
105
106
113
113
111
112
132
135
134
129
131
130
131
132
135
131
136
128
135
134
133
133
132
132
131
134
133
130
132
132
137
133
132
134
129
129
129
130
133
132
134
128
117
112
111
110
108
108
126
132
131
133
129
132
131
132
131
136
135
131
138
131
135
128
136
133
137
134
132
132
134
132
132
131
136
131
127
130
130
