163
186
142
137
137
143
143
143
140
138
133
127
132
133
130
135
133
113
113
139
117
117
119
119
133
138
148
137
140
143
133
133
151
141
141
132
138
137
134
134
137
142
134
134
138
155
124
124
135
130
131
131
136
145
143
143
136
136
132
118
119
134
140
152
141
135
135
137
134
141
162
156
134
131
141
135
156
135
135
141
142
132
160
159
138
137
136
146
138
150
144
136
150
148
145
148
139
145
138
146
138
138
136
142
150
139
145
131
139
130
145
144
146
145
143
147
148
140
144
142
144
137
139
131
139
139
138
137
137
147
138
141
136
140
136
137
116
116
138
136
120
120
138
138
137
139
142
136
132
122
122
142
121
121
139
139
122
122
143
123
123
138
139
145
141
145
137
136
140
141
146
137
153
153
154
153
144
146
138
142
148
147
147
153
118
118
121
140
150
148
153
135
133
148
138
144
146
113
113
112
128
129
145
144
141
140
139
138
128
137
138
191
193
195
199
128
122
119
206
205
150
146
149
117
117
116
212
203
201
204
205
218
145
150
147
161
133
147
157
140
145
144
136
138
135
135
146
137
136
141
137
144
138
138
122
123
144
146
152
140
152
140
143
134
137
141
125
125
139
140
139
140
138
144
132
132
132
142
161
165
137
162
154
177
138
139
125
125
145
140
144
159
154
150
141
137
148
142
134
138
136
137
120
120
138
140
138
159
155
155
155
138
140
147
153
151
148
148
137
137
150
146
144
138
143
137
140
141
136
143
138
143
146
139
145
141
145
137
151
145
151
152
149
143
147
136
138
140
138
141
139
142
138
148
144
146
141
141
137
135
138
136
145
140
144
143
146
145
138
147
140
150
144
140
143
137
138
137
148
140
142
138
139
139
145
145
137
138
140
141
137
139
137
136
133
140
116
116
116
115
115
142
143
144
136
120
120
138
140
161
170
172
169
171
127
136
132
132
137
137
145
144
145
151
136
138
138
140
145
123
123
137
134
138
140
142
136
140
126
126
134
139
144
137
137
136
138
142
140
137
139
139
138
137
140
137
140
137
141
121
121
144
130
122
122
137
141
139
137
134
124
124
140
137
136
141
141
137
136
140
135
139
136
143
137
114
114
114
143
138
142
144
136
137
137
141
139
138
137
136
119
119
119
119
118
115
117
140
141
137
138
145
140
137
136
151
153
146
145
136
134
135
135
146
137
137
137
137
143
143
139
125
125
133
130
151
142
136
139
137
151
141
137
133
124
122
140
155
156
153
146
139
132
154
142
156
157
150
146
141
137
146
147
141
141
136
127
139
145
139
140
138
118
124
118
149
144
139
139
134
138
142
147
140
143
140
133
145
141
144
137
139
144
130
144
138
140
144
146
143
142
149
147
143
140
146
141
141
141
148
140
141
139
149
140
134
143
135
138
138
142
147
137
141
141
139
132
143
139
136
137
145
139
136
141
138
136
138
133
138
140
138
144
138
136
139
142
117
117
152
150
148
139
149
137
138
120
120
141
120
121
120
151
139
122
122
139
138
119
119
140
141
139
140
119
119
130
132
133
139
137
143
141
142
143
138
157
122
121
149
151
152
141
138
135
142
117
117
117
138
137
137
138
187
193
196
195
205
193
138
140
131
139
142
144
151
144
137
137
139
139
140
135
135
136
143
137
117
117
135
138
134
143
145
132
147
142
138
140
138
142
121
121
134
142
138
132
140
136
134
134
137
140
144
147
136
120
121
137
141
121
122
138
139
135
144
142
128
128
149
141
140
153
148
156
145
136
141
137
131
139
122
122
128
130
138
139
146
141
139
147
141
141
142
142
140
143
134
136
138
141
138
138
143
139
138
139
145
138
146
135
141
139
146
137
141
142
139
137
138
138
141
140
136
141
139
113
112
112
122
122
142
140
139
143
142
141
124
125
142
143
141
141
138
145
145
126
127
139
146
137
145
136
144
139
138
140
141
138
147
137
143
139
130
139
123
137
140
115
115
142
141
137
140
138
134
146
139
139
137
145
140
148
142
146
146
143
138
144
138
151
139
144
143
140
141
148
139
130
133
141
136
140
149
142
138
138
137
136
139
137
136
146
141
137
140
139
139
138
138
145
143
143
139
149
140
136
138
141
139
140
149
136
138
139
147
145
113
113
113
145
140
140
140
138
138
120
120
120
144
142
149
135
142
138
135
141
138
141
138
137
137
138
140
138
141
139
137
142
137
147
137
137
130
138
129
139
140
139
136
138
149
145
138
136
141
138
138
138
139
139
146
143
115
139
141
141
143
142
141
