181
162
125
121
144
157
129
119
136
132
143
144
143
145
118
125
118
157
161
162
150
132
124
105
105
119
126
128
129
207
208
210
211
205
231
212
208
200
114
121
187
194
188
113
120
123
122
137
120
127
193
183
182
178
176
120
167
157
162
162
163
201
199
168
175
179
184
196
183
164
173
162
164
159
157
158
143
143
143
153
158
161
187
199
205
207
194
111
112
164
107
106
106
173
154
161
169
174
172
105
123
124
125
130
177
187
194
204
201
214
212
186
185
207
180
177
147
136
141
143
148
149
168
144
144
164
164
171
101
102
101
120
96
96
96
135
142
140
118
122
122
122
123
119
114
114
129
128
120
122
124
131
168
164
164
169
121
161
159
130
126
143
154
156
156
171
183
172
169
147
150
163
182
172
182
178
180
180
182
171
187
184
185
174
189
183
193
181
182
171
182
124
157
178
156
189
161
159
153
152
153
115
116
116
123
113
132
170
169
169
176
166
187
170
169
192
177
176
158
124
126
125
154
180
177
200
203
206
211
175
176
175
170
160
127
120
121
123
120
137
134
134
129
125
117
128
124
123
123
122
121
118
120
112
131
125
129
122
120
110
112
137
135
132
126
125
124
119
126
126
123
115
120
112
110
116
117
120
115
109
111
121
129
120
122
130
141
143
141
135
132
128
122
110
124
117
119
120
129
123
129
127
120
126
123
120
131
123
123
113
112
116
127
124
127
125
122
151
152
151
149
123
123
126
119
131
127
131
129
128
116
115
119
123
123
126
125
120
121
117
111
111
111
108
119
112
111
122
126
108
107
114
124
117
118
129
116
116
125
131
121
115
109
109
108
124
117
127
111
106
106
105
105
125
106
106
106
106
105
111
111
115
110
127
116
119
120
117
124
128
121
125
132
139
129
132
125
126
107
107
108
110
110
106
118
114
103
103
103
102
102
161
120
188
180
179
167
121
111
111
126
120
103
103
104
126
126
189
188
192
197
193
191
147
157
164
171
177
185
185
185
186
182
119
168
169
174
173
169
132
136
135
124
130
104
103
109
110
167
166
175
118
121
179
177
175
102
104
104
116
141
136
137
120
122
119
137
144
144
147
103
103
104
146
150
164
175
180
180
196
206
213
169
164
185
171
183
123
176
179
138
154
197
186
185
125
122
122
138
130
130
140
139
136
103
103
125
121
117
117
164
169
179
194
191
192
142
138
147
119
116
119
122
118
121
129
122
121
119
118
106
106
106
124
103
103
114
126
120
118
118
118
118
165
168
169
176
185
112
113
106
106
109
107
107
121
124
109
108
108
121
114
120
115
121
101
101
117
117
119
137
127
118
105
105
105
123
111
130
133
135
133
117
122
120
105
105
105
112
112
126
102
102
102
127
122
120
119
117
117
127
130
122
109
109
109
117
126
113
122
111
120
104
104
104
105
132
123
120
126
122
129
127
128
118
106
106
109
109
93
94
105
105
105
116
126
122
111
112
119
119
120
123
122
115
115
115
123
120
120
104
104
104
105
120
145
152
168
168
168
171
125
120
144
153
175
180
184
176
174
153
125
122
127
125
113
129
122
122
122
112
123
127
126
124
116
122
123
128
131
120
125
123
112
111
119
126
129
132
125
129
125
122
127
122
119
127
124
120
119
129
126
127
126
120
114
122
138
133
135
139
141
149
157
113
135
116
109
109
128
119
118
129
124
119
121
116
127
124
122
118
126
127
126
123
115
120
114
115
122
122
119
119
107
114
107
129
127
126
122
127
119
125
115
128
125
120
121
130
123
117
120
122
101
101
123
115
128
120
121
118
119
121
119
121
120
123
129
105
105
105
105
124
120
196
200
200
205
210
202
133
131
136
119
119
128
132
142
140
127
127
119
117
116
115
186
177
180
197
207
198
141
137
140
181
99
99
125
109
109
131
112
112
118
177
188
190
191
191
193
183
204
169
168
170
172
165
142
111
111
163
163
155
122
123
124
114
107
107
105
105
101
101
122
119
118
120
119
117
129
125
118
119
122
122
119
118
102
102
102
102
102
102
118
106
106
123
110
132
125
119
132
127
130
121
113
113
118
120
110
110
111
116
122
121
127
125
116
111
124
124
102
102
118
128
124
116
102
102
102
117
117
110
123
125
122
104
105
104
128
116
119
121
121
116
120
122
117
127
125
108
108
121
117
125
122
125
117
119
119
119
121
120
125
123
123
124
118
101
102
118
122
116
121
121
118
119
104
104
116
113
113
125
116
110
121
113
179
182
184
184
197
150
128
119
119
104
104
104
125
107
107
122
120
120
120
118
105
105
105
105
121
119
122
102
102
119
117
114
106
107
114
110
126
122
117
106
106
107
129
125
116
107
107
125
128
113
118
128
122
107
107
122
123
120
102
102
102
121
124
126
125
119
122
119
118
121
125
122
128
126
130
128
121
121
136
143
136
140
120
117
117
128
118
129
122
117
120
124
120
113
121
118
109
116
135
132
131
118
139
132
133
116
121
134
128
128
121
117
126
128
133
131
125
119
119
124
114
121
113
122
117
119
120
116
123
120
127
126
119
117
123
117
129
110
123
114
131
114
121
119
116
127
127
125
120
106
107
113
120
130
122
125
133
122
121
119
116
120
109
113
122
121
106
106
123
121
118
123
120
112
121
124
121
120
113
120
120
120
116
124
120
122
115
113
121
128
126
121
121
118
121
114
120
121
121
98
98
120
118
124
124
118
121
128
120
120
120
121
123
119
124
120
123
120
118
120
118
122
121
121
121
120
118
130
123
122
121
115
125
120
120
125
114
122
118
121
125
123
120
125
128
119
129
119
120
123
123
121
119
119
123
125
123
121
120
113
120
122
124
