304
311
309
299
299
270
168
172
176
186
187
186
192
204
200
181
205
216
173
191
168
201
195
163
153
175
159
150
157
130
128
152
140
131
138
146
207
213
211
218
191
191
145
130
157
152
149
151
160
153
181
163
137
135
130
175
184
232
231
231
240
218
238
192
191
212
209
177
182
162
140
133
142
136
182
192
200
178
172
180
227
198
209
177
181
183
158
144
132
117
133
129
131
144
141
144
132
124
155
165
160
172
163
136
143
136
175
169
170
163
150
131
132
139
133
135
125
146
147
140
146
143
135
145
155
156
161
148
154
129
162
162
163
167
172
181
100
99
100
153
148
175
179
192
170
164
160
127
127
129
131
146
154
144
125
133
136
130
136
142
139
135
133
134
153
154
147
137
144
145
128
135
141
143
142
145
148
162
195
195
217
223
220
190
183
168
182
152
148
128
125
127
131
129
113
107
127
131
135
135
110
117
123
127
133
135
137
142
150
155
152
145
153
158
133
127
131
128
129
130
123
133
143
148
145
142
134
148
187
197
183
183
179
172
125
125
127
123
116
128
126
130
127
112
119
123
132
133
132
129
155
145
142
149
138
130
137
148
177
179
171
165
162
156
155
148
150
156
185
170
192
184
178
189
171
180
180
188
186
185
169
148
140
133
143
126
103
103
103
139
139
143
144
152
143
120
145
150
150
151
153
153
125
122
126
145
139
120
120
120
122
130
107
107
107
107
112
112
112
107
110
110
109
109
109
108
151
156
172
181
196
206
164
166
173
171
136
105
105
105
117
105
105
165
166
167
167
172
186
102
101
102
137
137
138
139
140
153
164
170
170
181
182
191
143
162
158
159
175
161
134
147
148
149
149
154
155
128
128
135
141
146
106
106
106
122
122
123
127
149
151
151
150
137
189
182
176
186
193
187
164
145
152
169
154
145
123
116
134
131
136
135
131
128
132
113
113
121
131
134
129
124
133
124
135
138
135
170
175
174
190
184
174
155
139
143
145
146
157
156
171
159
128
106
115
106
137
113
113
121
162
162
165
176
180
183
116
113
115
127
101
101
101
163
163
178
178
181
197
159
160
151
148
151
157
124
144
143
144
145
146
149
133
137
134
134
134
136
118
190
198
205
209
214
209
164
155
175
174
167
171
143
144
148
138
167
107
107
107
107
145
140
149
150
150
151
101
101
130
132
136
141
147
108
108
108
161
162
165
179
181
180
139
136
133
153
160
151
161
163
173
173
188
182
172
171
164
179
180
154
157
159
166
166
187
170
186
159
161
158
164
179
193
170
171
185
189
149
141
115
115
127
164
167
178
179
192
193
141
155
143
169
177
166
141
134
145
147
154
145
129
131
132
149
174
174
163
161
179
158
155
127
136
112
112
112
119
126
119
119
131
125
149
154
153
159
155
151
122
134
133
133
135
151
169
174
203
193
192
176
175
162
145
134
128
125
122
142
129
136
142
133
129
126
134
129
146
155
151
160
154
153
141
119
109
130
123
139
140
134
140
140
130
123
130
126
132
150
149
147
141
108
115
142
153
166
161
164
172
168
173
160
152
144
158
171
159
156
165
129
136
148
151
146
131
142
128
135
122
134
132
111
119
103
110
140
139
165
184
183
192
196
203
195
162
158
128
135
147
157
152
151
149
142
132
130
130
126
136
139
133
128
121
128
122
129
137
134
131
127
134
126
133
126
128
123
127
131
127
129
131
134
133
136
136
133
131
151
152
151
151
173
176
150
160
161
155
139
152
152
152
152
152
154
143
145
148
151
170
146
113
113
113
143
147
157
157
156
154
150
146
179
187
190
170
180
163
130
121
136
135
131
128
127
128
132
133
133
123
125
128
129
134
123
123
132
126
156
156
158
158
120
115
115
127
136
130
123
123
127
129
133
121
106
106
147
148
158
161
162
152
156
160
160
161
161
176
178
181
189
189
189
103
98
101
177
176
176
178
179
192
159
159
159
172
173
172
168
169
169
174
195
181
164
172
202
166
189
181
175
184
174
179
176
186
139
134
140
141
142
143
130
123
132
129
129
121
121
135
130
130
122
116
102
102
104
104
104
104
147
148
152
156
161
130
123
128
130
133
106
106
110
119
105
104
104
104
100
100
107
107
135
131
137
108
106
100
100
100
183
184
185
191
191
194
148
152
157
162
150
150
132
127
127
127
109
109
125
132
139
144
142
143
148
147
146
149
136
109
117
107
113
106
122
123
115
120
129
126
102
110
114
118
130
128
122
128
124
122
123
123
119
129
127
132
127
121
125
123
123
