0
1
1
1
0
0
465
122
278
330
326
396
836
397
820
653
581
678
293
295
846
468
457
208
208
208
208
497
2505
856
483
299
2923
2905
3059
2287
2915
2915
2916
3081
2641
2642
2539
2405
2344
2675
2011
2216
1955
1900
1861
1886
2061
1901
1902
2067
2115
2114
2115
1973
2468
2467
2467
2467
2442
2599
2651
2655
2654
3090
2586
2465
2468
2465
2465
2351
2388
1084
1812
1804
1277
1276
1103
1813
1097
904
2336
2525
2236
1638
1777
1111
886
1111
323
782
256
224
385
385
75
1
0
1
1
1
0
0
0
0
0
0
0
0
0
0
0
1
0
0
1
0
0
0
0
0
0
0
0
0
1
0
0
0
0
0
0
0
0
0
0
1
0
0
0
0
1
0
1
0
0
0
0
1
1
0
0
1
0
1
0
0
0
0
0
0
0
0
0
0
0
0
0
0
1
0
237
186
198
352
257
783
823
178
617
187
0
0
0
0
0
0
0
0
0
0
0
1
0
0
0
0
0
0
0
0
0
0
0
0
0
0
0
0
0
0
0
0
0
0
0
0
0
1
0
0
0
0
0
0
0
0
0
0
1
1
1
1
1
1
13
1
0
0
0
0
0
1
0
0
0
0
0
0
0
0
1
0
0
0
0
0
0
0
0
0
1
1
0
0
0
0
0
0
0
1
0
0
0
0
0
0
0
0
0
0
0
0
0
1
0
0
0
1
0
1
0
1
800
366
157
366
250
251
196
364
366
288
285
284
285
759
570
1126
328
328
504
475
328
328
327
382
8
7
8
867
8
977
591
6
0
137
594
0
0
0
0
1
0
0
0
0
0
0
0
1
1
1
0
0
0
0
0
0
0
0
0
0
0
0
0
0
0
0
0
0
0
0
1
0
0
0
0
0
0
0
0
34
0
0
0
0
0
1542
1839
988
1846
1053
1406
91
1168
938
125
54
0
0
0
0
0
0
0
0
0
0
0
1
0
0
0
0
1
0
0
0
0
0
1
0
0
0
0
1
0
0
0
0
0
0
0
0
0
0
0
0
0
0
0
0
0
0
0
1
1
0
0
0
0
0
0
0
0
238
104
1
0
0
0
0
0
0
0
0
0
0
0
0
0
0
0
0
0
0
0
0
0
1
0
0
0
0
0
0
0
0
0
0
0
0
0
0
0
0
0
0
0
0
0
0
0
1
0
0
0
1
0
0
0
0
0
0
0
0
0
0
0
0
0
0
0
0
1
0
0
0
0
0
0
0
0
0
0
0
0
1
0
0
0
0
1
0
0
0
0
0
0
0
0
0
0
0
0
0
0
0
0
0
0
0
0
0
13
0
27
4
0
0
0
1
0
0
0
0
0
0
0
0
0
0
0
0
0
0
0
0
0
0
0
0
0
0
0
0
0
1
1
1
1
1
1
158
1
0
1
1
0
0
0
0
0
0
0
0
0
0
0
0
0
0
0
20
20
19
0
0
0
0
0
0
0
0
0
0
0
0
0
1319
1319
1043
177
782
1892
1873
1182
1179
1278
2005
2487
2459
2182
1709
1173
1453
1409
1938
2256
3620
3439
2737
2580
2810
2732
3269
2468
2468
2469
2411
3453
3692
3918
3433
4072
3441
4078
3765
4021
3699
3699
3867
5065
4454
4386
3347
2943
3013
3012
3102
3059
3156
2952
3047
2778
3163
3117
3205
2789
1861
2608
1791
1823
2052
2790
1995
2226
2432
2449
2463
2280
2409
1749
2057
1013
971
602
794
956
549
1404
529
416
709
0
424
0
0
0
0
0
0
0
0
0
0
0
0
3481
2462
1767
3601
3599
3599
3915
3997
3719
3780
3938
3779
3848
4330
4788
4467
4180
4180
4711
4389
4801
4740
4968
4960
4639
4605
4894
4894
4791
4867
4957
5238
5040
4616
4610
4593
4035
4028
4377
4484
4476
5043
5043
5188
4718
4844
5514
5254
5514
5268
5422
5487
5584
5198
5198
5780
5197
5692
5444
5414
5380
5558
5258
5692
5733
5434
4747
4621
5632
6049
6099
4990
4972
4980
4448
4683
4163
4125
3862
3912
4188
3815
3560
3558
3689
3440
3446
3022
3027
3177
3089
3176
3305
3418
3404
3418
3299
3527
3525
3086
3083
3087
3087
3374
4830
4830
4829
4637
3189
7067
6106
7475
7681
7992
7514
7524
6787
6766
7480
7148
7448
6974
6943
6942
6952
7158
7179
6702
6702
5932
6797
6178
5904
6702
6105
6202
6069
5105
6136
5538
5538
5539
5891
6273
6041
5624
7695
7655
7713
7344
7343
7214
6630
7044
6637
5770
6092
5979
6379
5043
5532
5550
6073
4410
4930
4397
5118
4893
4896
4663
4486
4621
4851
6952
4250
5160
4758
5022
7921
7404
7403
7403
8004
8030
8038
8104
8129
8129
8015
7714
7495
7471
7654
7643
7729
8390
8412
8308
7911
8104
8235
7942
7935
7511
7112
7264
7100
7090
6711
6727
6728
6654
6874
6873
6523
6669
6675
6293
6301
6217
6451
6430
6435
6553
6139
6180
6173
5700
5700
6101
5836
5252
5781
5712
6185
5242
5581
5584
5584
5272
5334
5259
5282
4755
4929
4959
4616
4031
4206
4206
4594
3832
3926
3926
4098
3961
4416
4048
4319
4120
3782
3704
3741
3895
3902
3700
3472
3447
3309
2923
3244
2984
2931
2795
2294
2289
2300
2401
2438
2436
2402
2402
2447
2453
2418
2366
2172
1979
2025
2105
2104
2113
1849
1784
1854
1739
1693
1681
1691
1483
1498
1478
1533
1278
1124
933
760
831
830
722
807
710
822
673
829
693
724
306
333
497
43
92
21
0
0
0
0
0
0
0
62
26
119
115
56
0
0
0
0
0
0
0
0
0
0
0
0
0
0
0
0
1
0
0
0
0
0
0
0
0
0
0
0
0
0
0
0
0
0
0
0
0
0
1
0
0
0
0
0
0
0
0
0
0
0
0
341
3
323
0
53
0
0
0
1
2
0
0
0
0
0
0
0
1
0
0
0
0
0
0
0
0
0
0
0
0
0
0
0
0
0
0
0
0
0
0
0
0
1
0
0
0
1
0
0
0
0
0
0
0
0
0
0
0
0
0
1
0
0
0
0
1
0
0
0
0
0
0
0
0
0
0
0
0
0
0
0
0
1
0
0
1
0
0
0
0
0
0
0
0
0
0
0
0
0
0
0
1
0
0
0
0
0
1
0
0
0
0
0
0
0
0
263
125
125
108
86
315
122
122
614
8
355
1056
1994
1953
1465
1287
1286
1285
1268
1687
1988
1989
1678
1696
1303
1302
1284
1282
1113
1687
2136
2148
2172
2173
2155
2173
1457
1300
1244
1721
1767
2152
946
1302
910
910
1440
1868
1929
1991
1990
2297
2408
2408
2407
2320
2311
4635
3736
3858
2993
2991
3708
4559
4414
3729
4302
3738
3886
3885
3651
3608
3958
3932
3709
3690
3439
3307
4900
3912
3841
4974
4511
5147
5002
5069
4995
5296
4394
5121
4482
4482
4483
4499
4532
3495
1927
1909
2687
3392
3569
2782
2782
3733
3057
2738
3038
3038
3546
3148
3026
3144
2914
2346
2608
2383
2677
2803
2251
2011
2248
2451
2493
1982
1760
1184
1185
1191
949
992
931
1123
1252
1798
1875
1871
2330
2034
2607
2783
2692
2696
3622
3660
3819
3016
3015
3676
4255
3616
4345
4608
4615
4610
4344
4340
3279
3604
3770
4091
4073
2934
2934
3558
3781
3934
3036
3123
3031
3072
2732
3129
3129
3124
2947
3072
3739
3734
3747
4096
4577
3983
3978
4103
4091
4626
5632
5634
5633
4552
4502
6020
5655
5654
5687
5677
5985
5359
5355
5813
5430
4925
4929
4419
4669
4962
4968
4649
4125
4122
4662
4663
5646
5660
5516
5572
4725
4007
4318
4792
4775
5542
4614
4681
4218
4213
4188
3817
3866
3972
3498
3496
3873
3513
3573
3434
2977
2903
3271
3315
2885
3379
3423
3084
3114
2368
2990
3043
3114
2983
3901
3734
3715
3646
3129
3129
3172
3172
3106
3105
3225
3171
2915
2474
2822
2474
2899
2520
2910
3121
3264
3186
2392
2642
2650
2311
2339
1926
1952
1612
1371
391
726
315
901
1409
2425
1241
2422
2603
2628
2339
2351
2103
1803
1223
2103
2103
2108
1744
1192
1735
1650
2809
2790
1977
2230
3587
3483
3439
3484
2673
2159
3961
3598
3599
3598
3738
3208
2678
3130
3395
3382
3058
3106
3124
2846
2846
3153
2813
1911
1932
1646
1889
1962
1963
1963
895
2061
851
1551
703
474
1021
35
36
35
777
112
103
338
0
0
0
0
0
0
1
0
0
0
0
0
0
0
0
0
0
1
0
0
0
0
0
1
0
1
0
0
0
0
0
0
0
0
0
0
0
0
0
0
0
0
0
0
0
0
0
0
0
0
0
0
0
0
52
75
41
0
0
0
0
0
1
0
0
0
0
0
0
0
0
0
0
0
0
0
0
1
0
0
0
0
0
0
0
0
0
0
0
0
1
0
0
0
0
0
0
0
0
0
1
0
0
0
0
0
0
0
0
0
0
0
0
0
0
0
0
0
0
0
0
0
0
0
0
0
0
0
0
0
0
0
0
0
0
0
1
0
0
0
0
0
502
483
574
922
963
685
745
313
0
0
0
0
0
0
0
0
0
1
0
0
0
0
0
0
0
0
0
0
0
0
0
0
0
0
0
0
0
0
0
0
0
0
0
0
0
0
0
0
1
1
0
0
0
0
0
0
0
0
0
0
0
1
0
0
0
0
0
0
0
0
0
0
0
0
1
0
0
0
0
1
0
0
0
0
0
0
0
0
0
0
0
0
0
0
0
0
0
0
1
0
0
0
1
0
0
0
0
1
0
0
0
0
0
0
0
0
0
0
0
0
1
0
0
0
0
0
1
0
0
0
0
0
0
0
0
0
0
0
0
0
0
0
0
0
0
0
