1
1
1
1
0
0
313
314
312
276
281
598
598
1129
1702
999
1701
1798
1411
839
839
1410
1411
1043
1046
1140
1002
996
999
1047
994
1588
1676
1576
2133
2120
1386
1288
1280
2004
2132
1799
3486
2325
2326
3485
1965
2476
2519
2327
2326
2630
1766
2703
1766
1705
1286
1448
1437
1287
1363
1182
1279
1140
920
616
634
376
618
12
121
46
1
0
0
0
0
0
0
0
0
60
60
202
0
0
0
0
0
0
0
0
0
1
17
193
229
231
84
1369
1332
1726
1785
3237
3113
3246
3240
3237
3233
3082
3128
2861
2572
2734
2542
2448
2590
2588
2585
2297
2481
2424
2304
2342
2421
2024
2049
2166
1861
1602
1939
2191
2157
1505
1261
1379
1295
859
1275
661
301
350
357
203
379
267
207
0
0
0
0
0
0
0
0
0
1
0
0
0
0
0
0
1
1
0
0
0
0
0
0
0
0
0
0
0
0
0
0
0
0
0
1
0
0
0
0
0
1
0
0
0
1
0
0
0
0
0
0
0
0
0
0
0
1
0
0
0
0
0
0
0
0
0
0
0
0
0
1
0
0
0
0
0
0
0
0
0
0
0
0
1
0
0
0
0
16
92
0
0
0
0
0
0
0
0
0
0
0
0
0
1
0
0
0
0
0
0
0
0
0
0
0
1
0
0
0
0
0
0
0
0
0
1
0
0
0
0
0
0
0
0
0
0
0
0
0
0
0
0
0
0
0
0
0
0
1
0
0
1
203
176
181
205
212
220
372
372
373
183
392
203
329
328
329
367
367
383
428
227
505
140
18
95
153
106
199
172
0
0
0
0
1
0
0
0
0
0
0
0
0
0
0
0
1
0
1
3709
2284
2278
1155
301
4234
3494
3625
3634
3744
4063
4263
4102
3723
3997
3995
4738
4640
5473
5360
5608
5536
5570
5561
6443
6442
6414
6880
6904
6614
6382
6515
6507
6539
6810
6792
6531
6440
6307
9321
9252
9292
8467
8350
9967
10501
10672
10501
10658
10610
12143
11263
12241
12089
11665
11556
11831
11528
11822
15605
13091
12930
15825
15071
15330
15277
16545
16545
16028
16028
16599
16241
16470
16843
16348
16089
16103
15790
15745
15823
15798
15794
16461
16108
15913
16419
16305
16455
16749
16591
16669
16840
16700
16995
17092
17003
16969
16558
17288
18118
17225
17212
18202
18394
18269
18199
18361
18744
19152
18467
18365
18613
19602
19538
19538
18712
20596
20323
20222
20297
20471
20672
21179
21268
21269
21436
21705
22799
22335
21456
21438
21773
22310
21674
22611
23113
21983
21541
21481
21268
21516
21342
21499
21499
21466
21755
21573
21288
21292
21624
21572
21322
21417
21169
21170
21170
21174
21226
21124
21151
21152
20812
20492
20561
20320
20290
20327
20204
20010
20078
20146
20147
20145
19861
19881
19954
19868
19771
18971
19578
19490
19453
19707
19975
19530
19702
19683
19683
20193
20391
20273
20391
20391
20609
20501
20103
19679
19213
19377
19293
19378
19407
19991
19411
19489
18879
19201
19430
19489
19487
19447
19438
19203
19067
19349
19044
19481
19928
19486
19928
19882
19889
19473
19555
19554
19861
19861
19536
19508
19872
19859
20165
19680
19649
19947
21545
21392
21546
20830
21204
21392
22019
22018
23981
23981
23981
24190
25511
25270
24795
24610
24555
25318
25203
25203
25411
25407
25459
25245
25019
25268
24534
24697
24697
24963
25015
24835
24857
24161
24528
24433
24879
24136
23916
23616
23561
22873
23615
22432
22707
22650
22224
21953
21973
21977
21874
21976
21953
21719
22329
21390
21390
22032
21406
21469
21493
21509
21425
21147
21117
21082
20977
20943
21600
21478
21141
21643
21444
21444
21448
21444
21440
21440
20949
21007
21055
21394
21291
20887
20887
20827
20974
20730
20649
20698
20691
20125
20477
20477
19755
19755
19865
19527
19527
19504
19044
18652
18784
18798
18799
18382
18739
17878
17995
18023
18018
17961
17440
17456
17303
17303
17303
16514
17225
16971
16660
16659
16588
16719
16588
16505
16426
16460
16269
16270
15802
15841
15873
15687
15656
15687
15702
15545
15633
14876
15278
15276
14908
14720
14722
14187
14786
14787
14241
13789
14195
13302
13300
13832
13389
13143
13150
13264
13271
13313
13375
12869
12855
13356
12977
12885
11824
12898
12182
11864
11821
11454
11502
11502
11511
11455
11198
11212
11097
11202
10664
10747
10834
10800
10816
10834
10588
10664
10579
10716
10716
10229
10297
9398
9838
10137
10139
10378
9622
9650
9683
9224
9429
9429
9284
9310
9185
9205
9289
9028
9003
9035
8972
8800
8707
8654
8684
8730
8725
8709
8709
8756
8808
8485
8377
8692
8301
8359
8202
7915
7615
7623
7666
7443
7455
6987
7390
6429
6369
6274
6267
6289
6221
6126
6090
6010
5985
5775
5798
5686
5705
5492
5572
5318
5133
4827
4837
4782
4727
4764
4559
4281
4188
4033
4174
4101
4098
3959
3985
3454
3388
3373
3298
3075
2846
2853
2591
2401
2406
2363
2073
2150
1988
1945
2007
655
893
653
1589
631
356
355
311
73
244
0
0
0
0
0
0
0
0
0
0
0
0
0
0
0
0
0
0
0
0
0
0
0
0
0
1
0
0
0
0
0
0
0
0
0
0
0
0
0
0
0
0
0
0
0
0
1
0
0
0
0
0
0
1
0
0
0
0
0
1
1
0
0
0
0
0
0
0
0
0
0
0
0
0
0
1
0
0
0
0
0
0
0
0
0
0
0
0
1
0
0
0
0
0
0
0
0
0
0
0
0
0
0
0
0
0
0
0
0
0
0
0
262
0
0
3217
838
0
0
0
0
0
0
