1
0
0
97
0
0
0
1735
823
894
851
1005
1004
700
1003
1004
1003
1091
724
929
646
855
813
607
711
722
0
40
0
0
0
0
0
2037
2452
1
0
0
3824
4008
4348
3444
2949
6551
6675
6742
6202
6624
3431
3423
6245
6556
6596
6553
6752
5258
5618
5870
5866
4039
4037
4327
4009
6221
5629
4876
4099
7154
7154
6690
6527
6476
10976
10309
10628
11006
7549
15117
15107
10671
10904
10963
14367
14406
14650
14943
15012
16463
16894
16375
16482
16614
15756
16034
15709
16179
16117
15673
15673
16006
15672
15964
15844
15641
15775
15471
15797
16530
14954
15248
15514
15688
15589
14679
15247
15491
15491
14955
15014
14338
14844
14858
14531
14932
14635
14504
14639
14928
14556
14408
14504
14566
14695
15479
15962
15910
13948
14218
14745
14753
14698
14865
14864
15226
11427
11785
11858
12407
14338
9877
10311
10529
11071
9024
11376
8672
8835
8931
9656
8875
8987
8296
8675
8675
7898
7626
8089
8083
8373
8676
7176
7180
7268
7499
7535
6733
6874
6846
6884
6915
6075
6585
6483
6400
6385
5288
5272
5199
5669
6007
3604
3884
4392
4556
3486
4840
3357
3291
3337
3493
3603
2757
2432
2758
3005
3096
2270
2282
2526
2791
2584
1905
1908
2064
2104
2178
1303
1632
1655
1758
1730
925
873
1011
1267
1300
162
183
166
391
1168
125
0
0
0
0
0
0
1
0
0
0
0
0
1
1
1
0
1
1
0
1
0
1
0
0
0
0
0
0
0
0
0
0
0
1
0
0
0
0
0
0
0
0
1
0
0
0
0
0
0
0
0
0
0
0
0
1
0
0
0
0
1
0
0
1
0
0
0
1
0
0
0
0
0
0
0
1
0
0
0
0
0
0
0
0
0
0
0
0
0
0
0
0
0
1
0
0
0
0
0
0
1
0
0
0
0
0
0
0
0
0
0
1
0
1
0
0
0
0
0
1
0
0
0
0
0
1
0
0
0
0
158
470
681
832
766
1008
604
166
169
202
348
367
183
309
893
0
0
0
0
0
1
295
0
0
0
0
0
0
0
0
0
0
0
0
0
0
1
0
0
0
0
0
0
0
1
0
0
0
0
0
1
0
0
0
0
0
0
0
0
0
0
0
0
0
0
0
1
0
0
0
0
0
0
0
0
1
0
0
1
0
0
0
0
0
1
0
0
0
0
0
0
0
0
0
0
0
0
0
0
0
0
0
0
0
0
0
0
0
0
1
0
0
0
0
1
0
0
0
0
0
0
0
0
0
0
0
0
0
1
0
0
0
0
0
0
0
0
0
0
0
0
1
0
0
0
0
0
0
1
1
0
0
1
0
0
0
0
0
1
0
0
0
0
0
1
0
0
0
0
0
0
0
0
0
0
0
0
0
0
0
0
0
0
0
0
1
1
0
0
0
0
0
0
0
0
1
0
0
1
0
0
0
0
0
0
0
0
0
0
0
0
0
0
0
0
0
0
0
1
0
0
0
0
0
0
0
0
0
0
0
0
0
0
0
0
0
1
0
0
0
0
0
0
0
0
1
0
0
0
1
0
1
0
0
0
0
0
0
0
0
0
0
0
0
0
1
0
1
0
0
0
0
0
0
0
0
0
0
0
0
0
0
0
1
0
0
0
0
0
0
0
0
0
0
1
0
0
0
0
0
0
0
0
0
0
0
0
0
0
0
0
0
0
0
0
0
0
0
0
1
0
0
1
0
0
0
0
0
0
0
0
0
0
0
0
0
1
0
0
0
0
0
0
0
0
0
0
0
0
0
0
1
0
0
0
0
0
0
0
0
0
0
0
0
0
0
0
0
0
0
0
0
0
0
0
0
0
0
0
1
0
0
0
0
0
0
0
1
0
0
0
0
0
0
0
0
0
0
0
0
0
1
0
0
0
0
0
0
0
0
1
0
0
0
0
0
0
0
0
0
0
0
0
0
0
0
0
0
0
0
1
0
0
0
1
0
0
0
0
0
0
0
0
0
0
0
1
0
0
0
0
0
0
0
0
0
0
0
0
1
0
1
0
0
0
0
0
0
0
0
1
0
1
0
0
0
0
0
0
0
0
0
0
0
0
0
0
1
0
0
0
0
0
0
0
0
0
0
0
0
0
0
0
0
0
0
0
0
0
0
0
0
0
0
1
0
0
0
0
0
0
1
0
0
0
0
0
1
1
0
0
0
0
0
0
0
0
0
0
0
0
0
1
0
0
0
0
0
0
0
0
0
0
0
0
0
0
0
0
1
0
0
0
1
0
0
0
0
0
0
0
0
0
0
0
0
0
0
0
0
0
0
0
0
1
0
0
0
0
0
0
0
0
1
0
0
0
0
0
0
0
0
0
0
0
0
0
0
0
0
0
0
0
0
0
0
0
0
0
0
0
0
0
0
0
0
0
0
0
0
0
0
0
0
0
0
0
0
