310
295
290
301
282
320
312
281
297
305
276
310
289
286
299
280
305
294
295
293
280
283
278
296
288
296
297
275
278
287
316
292
287
297
295
292
304
338
318
334
335
316
280
303
291
290
277
291
286
301
307
292
276
293
288
308
321
288
294
296
283
292
307
289
293
298
282
289
281
308
286
301
298
302
292
299
293
309
292
292
275
301
286
312
303
287
320
287
315
297
304
298
294
281
303
279
280
297
279
297
285
283
298
287
284
287
299
281
296
294
294
285
295
291
298
290
297
307
281
313
308
298
295
300
298
291
277
282
286
281
287
293
301
297
279
296
296
292
283
295
288
278
298
293
290
300
284
285
407
417
426
443
443
464
309
319
315
305
295
293
284
299
294
287
285
282
302
281
280
278
292
278
290
279
361
383
448
459
463
477
404
442
395
412
401
383
310
280
335
370
374
380
390
365
438
440
442
442
471
388
426
434
439
446
427
405
360
336
350
356
317
307
311
322
302
288
412
372
444
445
436
443
406
426
421
456
397
400
300
295
307
295
297
282
300
281
279
287
299
276
288
276
308
292
286
278
296
299
288
288
289
300
288
294
293
291
295
291
287
284
301
299
285
299
287
285
295
295
297
297
297
277
294
284
280
303
289
285
285
300
304
298
292
285
301
292
288
290
302
289
279
298
297
294
281
300
294
291
295
291
280
277
281
288
287
294
279
277
292
307
298
306
292
306
294
281
296
300
279
309
280
301
313
288
282
301
297
280
280
296
290
300
300
291
299
277
278
298
284
282
287
294
299
303
298
278
281
292
284
304
300
293
284
279
279
277
285
303
284
278
293
291
300
297
294
285
282
313
299
287
284
282
301
296
300
298
284
287
296
308
298
291
303
290
288
294
290
286
288
285
305
298
297
282
290
297
278
300
301
279
280
297
295
297
299
283
324
305
327
305
285
291
278
283
278
301
296
293
284
297
277
294
286
298
294
283
282
287
318
300
298
294
282
282
302
299
299
280
293
286
309
292
286
289
299
289
296
282
288
276
297
299
299
277
300
296
293
289
303
301
302
295
279
295
287
290
276
294
293
281
281
283
296
285
283
286
297
298
305
304
300
291
301
299
293
284
292
280
281
293
284
283
290
294
290
314
278
277
299
302
299
317
280
282
291
283
282
297
277
280
302
293
293
279
282
280
293
304
291
278
295
294
287
296
295
291
295
280
299
294
302
286
294
283
301
299
280
297
298
280
286
298
302
303
340
331
325
306
290
283
284
284
290
286
278
297
289
282
283
291
285
289
284
283
285
291
296
281
290
278
299
297
292
285
287
283
292
287
288
305
291
277
285
297
296
293
278
279
279
295
291
295
293
292
302
286
285
281
296
303
291
278
278
294
300
296
298
296
284
299
292
284
281
288
298
292
280
286
292
277
288
295
289
284
295
306
286
297
283
279
285
293
289
302
308
305
307
304
285
292
289
296
301
293
296
294
310
385
374
295
288
294
298
308
302
296
274
299
283
287
286
289
314
301
292
283
289
281
300
281
296
294
299
289
297
282
280
298
293
296
295
289
308
295
298
294
295
289
295
290
297
289
291
275
305
295
286
298
292
302
288
300
290
305
300
298
297
292
294
280
291
280
291
293
289
298
300
298
292
310
291
284
294
297
307
302
298
298
291
282
279
297
290
295
312
292
297
294
283
281
296
306
301
302
283
284
301
288
305
291
282
296
287
290
282
282
278
286
274
298
298
296
282
288
282
283
297
296
281
278
305
313
302
295
306
302
296
304
278
282
277
277
285
300
292
282
281
279
293
290
300
295
295
293
282
293
290
302
303
276
279
287
305
287
289
290
280
284
284
284
297
295
285
275
302
296
306
286
278
293
285
291
293
288
284
287
297
305
282
300
292
290
290
298
285
294
279
298
292
288
279
298
300
281
307
284
291
294
308
286
293
291
288
296
294
290
300
286
279
298
300
293
286
291
285
292
310
281
301
291
277
310
299
278
282
300
297
306
292
281
281
284
283
294
297
295
305
298
301
293
278
296
288
285
313
296
300
287
279
293
306
293
287
288
279
298
277
300
296
295
305
277
297
283
296
301
297
297
281
294
310
276
283
293
297
298
295
292
300
288
295
292
309
295
295
288
304
286
299
293
303
299
298
280
282
299
299
294
278
296
298
281
300
299
302
308
308
304
311
300
298
300
300
299
289
301
309
301
297
305
300
299
287
297
300
281
305
304
304
296
299
303
298
299
306
299
310
298
297
299
302
299
305
298
298
308
300
298
313
299
