163
165
142
139
123
175
165
147
128
131
128
122
145
138
127
108
108
115
134
121
125
118
108
108
133
145
129
125
126
123
125
158
159
172
135
103
103
103
119
118
118
142
146
123
123
140
113
113
113
122
138
119
108
107
107
125
137
114
104
104
104
104
135
121
118
124
121
128
120
120
120
137
109
111
126
129
156
176
169
166
162
142
134
108
108
140
135
141
138
112
112
124
131
125
141
134
123
122
110
110
124
129
131
128
125
110
110
126
108
108
124
107
107
123
140
105
106
122
135
107
107
117
121
135
136
139
123
112
112
126
107
107
107
133
130
121
115
116
181
184
194
195
200
199
133
133
130
125
125
123
128
135
110
110
128
131
124
125
110
110
110
110
132
126
126
126
132
127
127
133
115
115
134
121
123
131
128
122
117
117
117
126
123
108
108
126
132
130
129
120
135
121
121
124
124
125
123
131
122
118
118
119
126
125
133
131
121
103
103
113
127
123
119
109
109
123
123
133
125
124
131
124
112
112
123
124
109
108
127
111
111
111
130
124
123
124
123
131
125
110
110
118
125
134
121
125
123
127
126
131
128
130
132
133
134
131
124
120
128
127
125
125
121
134
130
125
139
134
133
130
134
126
136
128
123
131
129
131
124
119
124
123
130
106
106
136
136
129
110
110
130
122
106
106
105
109
109
141
139
137
110
110
125
115
121
132
126
118
129
118
127
131
127
124
121
124
127
121
125
126
118
125
132
119
125
122
118
121
117
100
100
103
105
107
104
104
104
122
132
129
118
125
109
109
109
170
188
193
195
207
171
126
124
131
107
107
107
115
144
136
126
132
123
126
129
152
168
168
169
155
172
131
128
123
129
130
133
135
107
107
107
107
125
117
110
110
110
111
111
134
128
131
134
130
124
127
122
113
114
114
124
107
108
107
127
112
112
114
114
122
125
127
113
113
133
124
129
120
131
122
128
123
129
127
120
111
110
110
115
111
111
123
110
110
110
118
128
116
113
113
129
128
126
125
125
125
121
129
123
125
127
128
133
135
122
126
128
127
128
133
116
122
122
124
127
125
126
124
138
139
133
119
120
110
121
122
126
125
127
126
132
126
134
120
123
120
114
114
125
181
182
165
167
162
181
175
175
173
169
125
113
114
127
169
171
184
193
192
184
175
127
128
131
117
125
125
125
126
109
109
109
115
116
126
126
125
131
125
136
145
145
127
131
123
133
130
123
135
121
126
126
127
126
124
134
132
125
122
130
129
110
110
119
126
124
131
122
132
124
120
120
125
128
125
128
128
123
124
133
125
143
143
141
138
112
131
112
127
136
123
123
110
110
122
119
123
129
124
137
129
110
110
116
126
130
129
103
113
123
110
110
111
123
122
123
127
122
129
111
111
113
113
119
111
111
111
128
131
135
124
173
183
183
192
174
111
110
111
110
179
118
112
111
111
124
125
134
130
113
113
131
114
114
123
121
129
124
111
111
127
126
129
121
125
125
112
112
133
126
128
167
178
178
179
107
107
107
109
110
109
109
107
107
107
107
128
115
115
188
226
217
214
210
133
133
139
127
133
125
125
127
133
130
125
132
130
163
220
225
225
225
224
130
132
140
134
127
131
123
122
139
135
134
132
120
120
153
155
155
162
148
142
112
112
115
115
123
122
158
156
156
161
168
126
126
171
156
156
162
161
160
160
129
131
130
141
143
141
146
158
206
205
202
202
182
182
181
177
115
108
108
129
171
171
170
162
182
161
163
161
124
132
131
127
128
128
130
171
169
168
166
141
141
139
139
108
107
107
127
126
148
178
175
169
175
163
130
107
106
129
129
124
128
133
111
111
134
158
158
158
158
158
158
167
121
126
124
142
144
154
155
150
123
125
123
120
130
124
141
135
132
124
107
107
130
127
125
126
119
119
126
125
124
128
126
133
122
130
122
126
121
110
110
105
105
105
127
121
125
117
117
127
130
124
115
115
126
122
126
128
125
128
126
124
126
120
128
124
127
112
124
119
117
117
127
130
127
124
124
129
128
124
114
114
124
133
129
124
133
122
137
134
126
125
129
121
123
134
126
129
122
122
123
118
123
125
126
134
123
130
124
123
110
110
114
114
126
124
123
109
109
109
124
126
132
124
126
128
123
127
119
123
134
131
127
123
130
128
132
125
126
119
129
124
125
126
135
128
133
123
133
125
130
122
135
125
115
115
139
125
124
128
124
120
120
129
124
133
140
124
126
129
135
126
126
126
129
127
128
137
141
124
129
137
125
125
128
125
124
127
