1
0
250
120
164
257
73
1
0
0
0
0
0
0
0
0
0
0
0
0
0
0
0
0
0
0
0
0
0
0
0
0
0
0
1
227
606
0
0
0
1
3023
2830
2830
2268
2267
2365
2365
2468
2468
1461
1297
343
27
0
0
0
0
1
0
0
0
0
0
0
0
0
0
13
0
0
0
0
0
0
68
1
0
0
1
0
1
1
106
0
0
217
0
0
1
0
0
0
0
1
0
9
0
0
0
1
0
0
83
0
0
0
0
0
0
0
0
0
0
126
2402
2402
2201
1814
2134
2153
3004
2843
2758
3288
3324
3422
2999
2895
2974
3206
3206
3138
2918
2660
2538
2523
2525
2650
2518
2492
2484
2385
1683
1921
2852
2859
2987
2658
2195
2203
2297
1418
1357
1231
1068
803
875
651
635
169
187
188
0
1
120
0
0
1
0
0
0
0
0
0
0
0
0
0
0
0
0
0
0
114
115
216
215
919
1052
1188
1184
663
510
326
0
0
0
0
0
0
0
0
0
0
118
0
77
8
1
1
0
2414
2414
1856
1857
1983
1075
713
972
972
2238
1927
1600
628
721
757
402
10
0
1277
1345
671
614
341
260
54
69
0
0
0
0
0
0
0
0
0
0
0
0
192
82
108
43
0
0
1
0
0
0
0
0
0
0
0
0
0
0
0
0
0
1
103
0
0
1
1
131
954
1100
852
1544
1102
473
852
298
104
217
0
0
0
117
0
0
0
0
129
612
612
389
434
74
480
112
224
1214
25821
26739
30385
37658
36946
37049
37055
37939
39353
45159
45183
45291
45314
44160
44390
44488
44580
45163
45269
46188
44159
44268
44289
44426
44455
44748
45541
46783
46583
44637
45460
45460
45570
46456
46452
45647
45647
45806
44940
45432
54389
54398
57366
58164
59765
61825
61833
61963
61960
57992
57993
58093
58498
60211
60219
60349
65707
65768
65839
65902
66407
66573
66587
66710
66948
66957
67082
66659
65054
65242
65255
65378
64657
64724
64934
65272
65272
64789
65388
65661
65123
65123
65239
65239
66096
67095
69553
69565
69392
69388
69465
68751
69016
68753
68543
68689
68163
67980
67258
67097
70409
70491
70689
70631
70619
70580
70354
70896
70984
71012
77410
82980
83332
82871
83080
82862
82661
82661
82697
83052
82160
81363
81369
81414
81164
81178
81296
80661
81350
80167
80200
80352
80853
81015
80849
80974
80710
80357
80018
80102
79481
79675
79335
79408
78958
79008
78937
78846
78470
78194
78180
78396
78280
78474
78336
78396
78241
78331
78121
78081
78033
78019
77262
75947
75458
74866
73673
73680
73804
73736
73847
74379
73910
73904
73212
72985
72784
73016
73303
73082
73063
72901
73019
72518
72453
72927
74423
74360
74566
79183
79794
79821
79338
79384
79294
80486
80415
80278
80226
80395
80449
80152
80044
80093
79948
84152
83953
83865
83839
89471
89981
89593
89264
88898
87928
87461
87638
87549
87228
86870
86871
86410
86509
86478
85822
85876
85953
85785
85541
84735
84707
85341
86022
86220
87189
89914
91738
91861
91870
92101
91451
91657
91703
91800
91143
95359
95845
94269
95027
95100
95784
95790
95980
95997
96920
96737
97015
97029
97708
107214
107234
107024
107124
107073
108813
108463
107435
107464
107315
107319
107160
107263
107111
107009
106015
106034
106432
107110
107132
107122
106786
106542
107352
107501
107524
107077
106729
106882
106927
106451
106577
106581
106854
106566
106356
105653
105725
105390
105446
105170
105072
105082
104428
103923
103614
103693
103790
103672
103672
103435
103217
103373
102832
102911
102817
102257
102231
102265
102020
102112
102072
101825
101598
101615
101379
101135
100606
100588
100673
100375
100344
99941
99857
99880
99733
99646
99682
99629
99440
99111
99111
99225
99344
99375
99249
99053
99038
98870
98675
97935
97969
98213
97999
98617
98630
98754
98167
98292
98945
98948
99359
99697
99626
100125
99977
101620
101285
100771
99686
99822
99879
100336
99993
102888
107911
108040
109000
130838
130686
130532
130899
130958
130354
131588
131708
134551
134459
134280
134018
133954
133976
133612
133118
133931
134434
134447
134386
134394
134515
134755
133691
133485
133194
133979
133805
133728
133695
133461
133411
133458
133445
133682
133876
133595
133463
133743
133739
133873
134854
134845
134754
135931
135875
135805
135527
135853
137400
137257
137109
137114
136936
136692
136941
136914
136766
136733
136932
136829
136911
136832
136333
136056
136178
136230
136083
134622
133438
133581
133094
133141
133141
132604
132007
131586
131459
131116
130827
130799
130517
130473
130459
129854
129742
129776
129684
129583
129487
129157
128629
128227
128377
128134
128136
128042
127612
127367
126938
126326
126159
126202
125946
125686
125067
125116
124753
124742
124470
124300
124336
124214
123657
123534
123539
123502
122832
122269
122636
122474
122257
122389
122262
121942
121697
121652
121264
121247
121755
121674
121645
122194
121645
122547
123371
125510
125129
125088
125214
124965
124724
124848
124282
124386
125008
125322
124632
124965
125542
126453
124949
127180
126803
127053
126792
126715
130902
130824
135980
135095
135021
134777
134839
134394
133664
133671
133418
132858
132662
132436
131700
131513
131185
131367
131124
130867
131232
129848
129508
129522
129485
130174
130183
130036
129997
129521
129339
129436
129337
128991
128610
128066
128220
127997
128004
127882
127348
127122
126687
125445
125545
125195
125319
125327
125112
124269
123935
123907
123709
124433
124415
123351
122959
122780
122885
123122
123003
122673
122459
122448
122244
122111
121301
121338
121154
120001
119785
119215
119120
118562
117769
117046
117461
117789
117795
117841
117554
117275
117363
116026
115032
114507
114506
113911
112999
111316
109512
108854
107063
106460
106186
105735
105520
105481
102411
101308
101286
99696
99303
99078
95969
95789
95856
94750
94514
94215
93458
92863
92513
91966
85621
85242
84663
84624
83725
83846
83537
83144
80983
80188
79007
78443
78062
77609
77228
75029
74835
74630
67182
64168
63753
62908
57562
56935
56505
56066
55424
55850
53361
52877
52644
52512
51687
50536
46360
46206
43564
36866
32858
19112
13181
0
0
0
0
0
