340
282
299
284
276
281
296
278
286
284
276
276
286
270
268
261
270
277
289
293
274
277
263
270
279
296
269
260
261
276
269
297
269
260
279
270
279
286
286
277
277
273
278
287
300
277
275
266
273
280
288
284
280
274
275
274
274
270
258
277
274
283
297
292
293
297
280
279
285
291
270
278
277
275
288
280
273
264
273
272
275
301
279
283
285
278
283
291
273
285
283
279
294
273
279
289
262
262
276
283
282
281
281
282
296
279
268
279
280
268
281
283
280
277
276
259
284
276
292
287
289
284
278
278
283
288
276
265
262
263
271
265
260
280
264
282
277
262
271
265
270
272
281
278
284
278
263
288
289
299
275
275
268
333
335
350
371
387
307
334
351
351
380
283
279
283
282
285
288
271
274
284
284
267
267
267
278
272
275
271
286
277
278
290
273
275
288
261
288
259
280
281
283
280
273
287
281
280
273
280
280
268
261
280
259
292
265
261
278
260
276
271
280
264
276
281
272
265
282
272
294
283
285
272
264
264
269
276
272
278
281
283
251
251
280
281
281
288
281
261
265
258
297
283
274
261
266
260
277
259
281
288
279
269
277
285
279
288
285
280
275
279
304
282
282
282
259
280
279
284
280
278
272
265
281
279
291
281
276
291
281
290
282
283
287
281
279
282
290
279
272
274
281
288
278
271
284
283
277
291
282
275
277
289
289
279
282
279
282
277
270
270
280
285
260
283
286
281
277
278
287
273
259
282
281
278
273
280
293
278
285
298
285
277
283
278
274
286
297
284
281
276
274
283
279
293
274
264
256
280
260
286
256
258
276
280
278
283
269
284
280
283
278
274
263
276
275
273
268
278
269
262
278
271
283
288
283
276
270
287
279
284
264
271
281
277
259
272
288
274
293
291
254
271
267
276
268
283
278
280
294
290
276
278
272
286
280
268
280
292
287
274
264
279
293
278
283
287
277
293
286
264
282
261
264
281
281
276
258
277
283
269
290
265
269
273
256
286
280
278
282
277
279
277
269
274
260
288
279
283
286
268
274
281
260
279
293
278
287
282
289
281
273
278
283
283
283
281
279
274
263
268
280
277
266
279
262
283
277
272
282
285
280
278
281
276
290
272
273
273
277
288
275
272
280
271
268
275
283
276
281
276
260
278
264
264
292
268
259
267
278
286
280
282
291
272
267
269
283
270
257
283
277
281
265
261
279
287
269
288
263
277
273
262
260
277
263
282
282
262
266
281
277
274
273
276
278
277
278
285
288
296
285
283
277
278
277
280
284
277
269
281
267
273
280
270
256
278
282
278
280
279
279
281
273
266
262
288
261
284
280
289
257
288
282
282
276
278
282
277
280
284
285
274
277
263
277
285
281
281
272
265
312
282
270
264
273
278
277
280
286
279
262
263
278
260
277
272
270
263
276
267
274
281
273
259
273
266
266
283
277
277
260
263
290
278
281
275
268
283
274
268
284
265
263
278
288
293
284
279
275
272
274
268
280
281
262
279
275
284
283
284
285
278
277
282
280
267
280
288
276
277
277
280
287
260
280
281
287
295
286
265
282
271
273
276
281
283
278
275
261
285
282
280
280
283
283
285
277
279
269
282
276
276
269
275
292
298
279
279
259
258
276
272
276
271
281
292
278
281
278
279
276
267
282
278
270
262
278
260
268
276
282
279
282
275
258
288
276
269
291
280
272
277
267
260
280
283
279
276
281
286
288
278
283
291
281
285
276
279
292
292
281
287
280
276
278
281
281
271
275
277
278
284
297
279
279
274
266
287
282
282
264
277
275
259
281
283
293
282
277
281
291
280
283
276
277
277
280
283
281
277
268
276
296
273
258
278
273
294
281
270
281
281
284
286
276
289
292
279
280
275
297
279
271
280
280
291
283
291
285
282
291
280
279
279
263
273
294
281
259
280
287
275
277
283
281
279
275
270
293
272
279
264
285
279
279
284
285
265
281
277
293
280
277
260
279
283
256
280
287
282
258
281
286
277
277
273
265
280
281
279
263
287
262
277
287
274
270
276
280
270
277
276
279
267
275
296
278
279
276
280
279
284
285
290
281
259
280
281
282
282
295
295
268
277
278
271
280
282
277
263
282
291
280
275
282
289
278
278
278
269
270
278
266
280
291
285
279
282
281
281
264
295
280
281
278
282
279
278
259
266
294
264
287
279
282
281
289
281
278
277
283
277
280
297
272
272
268
278
294
298
282
281
285
277
277
278
283
283
273
284
286
279
287
279
280
280
285
283
280
282
280
281
277
287
286
281
289
278
