190
189
121
121
115
116
95
95
126
139
136
117
117
112
116
141
138
125
124
124
119
128
116
108
116
119
108
108
135
113
117
124
120
113
146
144
117
115
116
109
131
124
117
116
123
118
144
141
116
116
118
118
130
119
119
115
122
136
135
117
125
118
121
120
129
122
111
114
127
122
130
116
120
127
123
115
134
121
120
117
113
127
130
122
118
114
116
108
123
126
120
123
122
122
124
124
110
121
113
115
110
124
120
121
123
119
126
119
123
120
125
115
119
121
114
118
118
129
125
119
128
126
120
121
120
117
118
128
125
125
120
113
116
126
124
112
124
111
121
112
122
120
120
122
117
122
128
123
123
121
115
119
119
119
119
120
121
120
119
119
121
128
127
119
109
118
120
122
126
120
122
110
119
119
117
122
122
121
122
125
118
124
120
121
113
106
106
106
119
118
128
125
119
122
121
121
113
115
122
118
112
118
115
121
116
125
121
119
110
120
114
124
118
123
122
118
118
118
126
122
120
116
111
118
117
119
118
122
117
118
121
127
118
122
117
120
127
119
127
123
121
121
124
121
116
121
121
127
120
122
114
122
113
119
116
131
129
122
125
113
110
126
123
121
111
109
118
114
122
119
121
111
123
117
130
125
112
127
123
115
120
123
127
123
114
123
116
121
118
122
124
120
122
118
120
119
116
118
121
122
119
129
124
115
126
119
120
119
118
118
128
126
120
123
114
128
123
117
118
129
125
117
117
123
122
120
126
123
126
123
127
121
121
116
122
118
122
126
122
123
121
127
125
120
120
122
126
120
116
128
123
120
116
123
115
121
117
125
123
118
117
128
125
128
124
119
115
121
127
124
114
120
125
120
115
122
117
125
121
116
121
114
118
127
123
125
122
119
110
119
128
126
128
119
128
124
121
122
109
127
124
114
123
122
129
123
115
115
118
122
118
116
123
116
127
123
125
121
116
119
121
116
117
118
121
130
124
128
124
130
129
125
119
123
124
126
123
118
125
118
116
116
118
126
122
118
114
129
125
115
116
117
115
117
120
120
122
113
125
119
124
125
117
117
118
119
119
130
125
111
128
125
120
122
118
126
107
107
119
121
122
111
116
129
122
127
123
127
116
121
121
116
114
123
122
114
123
118
119
120
118
110
111
109
119
110
126
115
125
121
122
119
118
123
127
123
114
127
124
124
119
117
118
118
122
114
131
127
118
122
126
124
124
124
121
118
123
117
124
115
119
113
126
124
114
128
123
121
126
120
121
124
121
118
124
122
116
121
122
128
120
120
126
123
122
121
121
121
113
125
120
119
126
120
119
119
116
120
122
108
120
118
110
128
120
129
126
121
120
120
121
119
118
115
124
117
119
120
116
116
121
115
115
123
116
127
124
130
124
112
127
123
119
128
124
121
119
117
125
122
114
120
121
119
116
126
122
118
121
114
117
119
117
125
129
126
121
122
128
123
122
124
115
108
112
126
117
120
123
120
117
122
121
123
124
118
124
117
129
125
123
122
120
119
121
119
121
114
131
124
125
120
121
124
114
117
132
125
127
125
130
125
112
118
123
115
119
126
121
126
122
116
123
98
98
123
120
127
124
122
119
129
126
113
123
121
124
119
125
116
116
119
113
120
118
118
113
126
119
126
124
113
117
118
124
126
123
116
120
119
123
117
120
121
115
129
125
117
125
120
121
119
120
118
112
128
122
122
123
120
126
122
119
118
119
117
118
125
118
121
129
122
118
120
122
123
122
121
119
118
131
126
126
122
112
125
124
121
120
116
128
123
115
120
120
114
118
125
122
115
121
120
114
129
125
112
120
110
129
125
119
129
126
130
125
121
119
121
123
112
120
119
127
126
121
129
128
125
119
121
127
123
121
118
115
111
111
130
123
118
118
123
112
124
125
114
118
124
120
119
123
115
120
122
114
121
119
122
127
106
107
124
122
132
124
122
118
120
125
130
126
129
120
122
116
125
125
123
126
118
118
116
117
120
121
123
113
121
124
118
119
120
115
122
119
128
121
120
122
124
115
121
122
122
116
119
121
121
119
122
117
120
116
121
129
125
120
117
118
126
120
116
128
125
127
123
118
120
117
115
123
115
117
122
126
128
124
118
121
127
124
114
119
127
115
121
127
135
133
121
126
122
112
121
120
120
120
120
120
127
120
119
121
124
122
117
121
120
121
121
127
120
129
117
110
121
121
120
108
120
121
119
121
123
120
116
128
121
127
127
120
124
121
122
121
122
121
122
122
121
121
127
120
124
124
122
120
121
121
121
