165
127
138
152
149
135
119
120
128
126
117
117
116
121
116
142
114
121
112
105
110
138
123
121
120
117
118
127
119
120
119
116
140
122
112
112
120
120
113
136
112
125
124
121
124
134
118
116
124
113
117
128
107
117
117
122
123
134
114
117
120
124
119
135
115
115
106
118
114
131
123
116
125
120
120
140
134
119
123
120
120
132
116
120
124
114
110
110
110
119
115
116
120
121
124
119
115
124
119
119
126
118
118
124
113
121
113
120
121
116
118
129
122
133
132
124
124
125
108
121
123
109
125
115
118
121
124
120
123
117
117
119
129
123
114
120
126
120
120
119
119
120
119
125
124
122
118
120
110
120
118
125
120
122
126
125
120
118
130
126
118
120
121
125
117
116
116
109
121
114
111
121
121
118
117
120
136
123
128
119
120
118
118
121
127
120
120
118
123
131
129
124
121
108
108
114
130
124
124
114
121
127
126
120
122
121
114
118
121
120
120
121
118
119
120
125
121
113
119
115
119
119
121
118
127
122
120
119
125
118
125
119
119
119
117
121
120
118
120
122
121
123
119
119
120
116
111
118
128
124
118
125
121
124
114
122
120
126
118
119
120
117
117
120
120
120
121
123
118
119
123
113
120
120
117
119
126
127
123
119
120
126
124
119
119
120
131
125
115
121
118
121
124
115
121
109
126
116
126
119
121
121
124
118
121
128
123
118
121
125
123
120
120
122
116
121
121
127
124
123
118
120
110
112
122
120
120
125
124
120
118
125
120
116
122
119
118
126
117
119
126
109
116
109
121
118
121
123
123
130
126
124
122
114
115
121
126
121
123
120
119
112
119
124
121
119
119
125
122
124
122
135
132
134
116
116
122
119
118
120
120
120
129
123
117
122
118
120
121
118
119
127
120
117
132
125
125
123
125
116
121
119
120
120
119
123
117
116
122
129
126
119
128
124
117
127
118
116
119
117
121
122
122
110
121
121
119
122
118
115
120
109
118
119
130
129
131
132
129
130
120
119
120
124
105
119
130
128
119
120
117
121
121
130
128
124
119
125
121
121
110
120
119
128
122
123
121
118
129
128
121
120
121
116
117
121
121
119
127
117
118
114
125
119
120
119
126
124
116
121
119
126
121
126
121
123
119
122
106
107
118
119
121
115
121
118
121
120
121
110
115
119
118
124
116
119
125
115
126
117
119
121
118
145
118
115
125
121
127
128
118
122
118
126
122
122
115
123
107
107
116
113
122
122
124
120
116
114
119
115
121
119
121
113
120
129
125
119
122
127
120
120
121
121
112
121
121
116
129
121
122
123
110
119
125
119
125
117
118
118
108
108
107
120
108
127
124
121
120
115
119
124
122
118
128
124
120
118
119
125
120
128
124
127
122
131
130
127
115
119
118
121
121
121
107
107
122
119
126
125
117
120
119
117
124
119
120
120
126
120
128
124
117
131
129
126
124
127
124
116
126
126
124
119
118
108
108
119
129
128
119
121
120
120
120
120
118
110
119
108
118
121
122
114
129
121
120
128
121
119
122
120
128
124
111
118
120
121
121
120
123
113
119
127
125
118
122
125
120
112
127
125
125
121
126
123
114
120
117
122
125
115
111
119
125
113
121
115
121
123
124
113
123
114
113
122
125
119
119
113
122
121
123
118
125
124
128
125
119
115
119
118
122
121
123
121
118
115
120
118
121
123
116
118
119
115
114
122
116
123
118
120
121
121
119
124
118
125
118
113
118
117
124
121
116
117
120
121
121
121
123
119
128
123
120
122
111
118
118
120
120
137
131
131
118
119
118
121
120
118
121
129
127
120
115
118
125
116
125
119
115
121
119
121
113
127
117
119
119
119
120
119
120
123
123
122
120
130
127
119
125
123
122
122
117
117
117
126
124
120
123
120
118
118
120
128
126
121
116
119
109
126
121
117
120
120
123
123
121
127
119
125
122
114
123
117
121
120
121
120
125
121
115
124
120
123
134
131
130
121
117
103
125
120
109
124
123
116
116
118
122
119
121
115
124
117
120
108
116
123
120
114
120
116
115
123
121
112
118
117
120
120
121
116
126
120
121
116
120
120
118
119
124
124
115
119
128
121
126
124
119
121
115
120
119
121
117
119
121
121
128
122
122
118
122
113
121
120
120
120
122
119
121
116
119
122
120
125
123
120
119
120
119
128
127
119
125
126
121
123
120
121
123
122
130
120
121
120
132
127
124
119
122
122
119
119
124
118
122
120
123
127
122
125
129
124
123
121
119
119
121
121
120
121
120
120
121
124
119
119
