188
162
141
119
155
155
117
136
132
134
130
137
126
122
117
123
139
136
117
126
121
120
110
131
125
121
112
119
109
134
111
124
122
119
111
133
114
102
114
125
123
133
114
123
117
120
115
130
115
122
116
114
116
119
119
118
119
113
118
115
132
105
105
135
129
129
129
107
107
116
124
122
136
115
115
125
124
140
140
122
124
120
117
138
134
119
119
119
125
122
125
118
123
121
117
119
108
116
122
135
132
131
129
125
116
119
114
120
122
121
116
119
129
123
125
126
123
118
126
124
119
113
116
107
119
116
126
122
118
112
110
114
113
124
118
119
116
107
107
114
116
126
125
118
109
109
115
122
120
121
112
122
117
114
112
125
118
120
126
122
122
121
119
133
129
126
118
118
118
132
130
126
117
118
114
128
124
113
132
135
135
132
125
120
110
117
118
110
124
117
121
112
141
138
137
127
122
120
121
126
121
126
122
117
118
117
118
119
115
117
116
116
120
120
114
124
121
120
119
125
119
115
121
114
125
114
113
112
122
116
118
124
117
120
110
117
117
127
123
118
110
116
112
119
120
115
120
130
126
120
120
125
119
117
111
121
117
115
117
116
128
124
127
124
109
121
115
119
118
117
115
127
122
111
119
117
114
105
105
123
125
119
118
112
118
117
128
125
116
123
110
116
121
114
116
122
112
122
133
130
132
123
117
128
124
121
115
122
114
127
124
118
115
108
127
124
120
119
117
119
119
116
125
120
117
106
106
115
124
116
107
113
107
122
117
104
104
111
124
118
116
113
123
211
162
147
127
125
118
116
117
120
119
112
117
124
108
119
118
114
117
110
110
117
120
118
122
105
105
117
117
119
111
111
113
107
107
134
132
128
118
115
125
122
120
117
118
125
120
121
113
117
118
125
122
114
126
121
116
112
106
106
119
117
128
125
125
117
118
125
108
114
125
121
115
124
118
120
113
109
118
112
114
118
119
126
126
133
126
110
119
118
123
120
112
115
112
116
118
112
124
121
121
127
124
115
108
108
119
120
113
117
116
117
122
113
125
116
115
116
126
122
119
134
130
128
123
122
127
123
117
117
122
114
125
122
119
119
121
115
121
117
126
122
119
127
123
124
118
116
116
129
126
114
108
113
106
106
119
120
121
117
118
124
118
118
137
133
135
120
116
106
117
117
117
117
117
119
119
119
117
121
117
120
115
123
114
108
113
107
120
118
118
119
112
119
119
112
132
129
124
119
127
121
119
124
115
125
113
121
113
121
128
123
124
121
117
116
120
118
125
122
119
118
123
118
122
114
117
119
118
113
123
117
117
124
135
131
130
121
113
117
120
122
120
118
119
121
119
111
127
123
125
121
129
127
121
119
126
123
116
118
118
122
117
118
127
121
115
112
120
124
126
123
120
128
124
119
117
118
119
118
119
119
118
