1
0
133
98
14
170
71
88
0
0
0
105
52
111
1
0
0
0
0
0
0
7
0
0
0
0
0
0
0
1
0
0
0
47
0
0
0
0
0
21
0
1
0
0
0
0
0
0
138
36
1
1
0
1
0
0
0
0
0
0
0
0
0
0
0
0
0
0
0
0
76
0
0
0
0
0
0
0
0
1
0
0
0
0
0
0
0
0
0
0
0
0
0
0
36
0
71
0
0
1
1
0
0
0
1
0
0
0
0
0
0
0
0
9
0
0
0
0
0
1
0
0
122
126
0
0
0
0
1
0
0
0
0
1
0
97
0
0
0
0
0
0
0
0
0
0
0
0
43
47
132
0
19
0
0
0
0
0
0
0
0
0
0
0
1
0
0
0
0
0
0
0
0
0
0
0
1
0
0
0
0
0
0
5
4
0
0
106
0
0
0
0
39
0
0
0
0
0
0
0
0
1
0
0
0
0
0
1
0
1
0
0
0
0
0
1
1
0
0
0
1
0
0
0
1
0
0
0
0
0
0
0
0
0
1
0
0
0
0
0
21
0
0
1
68
0
0
0
0
0
1
1
0
0
0
1
0
124
57
124
1
0
0
0
0
1
0
0
0
0
0
0
0
0
0
0
8
0
0
79
0
0
0
0
29
0
0
1
0
0
0
0
51
0
0
0
0
0
0
0
0
0
0
92
0
0
1
0
0
0
0
0
0
0
0
0
0
0
0
0
0
0
0
0
0
0
0
0
0
0
0
0
36
0
0
0
0
0
0
42
34
0
0
104
0
0
0
0
79
0
0
0
0
0
0
1
0
0
0
0
0
0
1
1
0
30
0
0
1
0
121
0
0
0
9
0
0
0
0
19
0
0
0
0
0
1
0
21
0
0
0
0
0
0
0
0
0
0
0
0
0
78
0
0
0
0
23
0
0
0
0
0
0
0
0
0
0
0
0
0
0
0
0
0
0
0
0
0
0
0
0
0
0
0
7
0
0
0
0
0
0
0
0
0
0
0
0
0
0
26
0
0
0
0
0
0
0
0
0
0
0
0
0
0
0
0
0
0
1
28
0
0
0
0
0
0
0
0
0
0
0
0
0
0
0
1
0
0
0
0
0
0
0
0
1
0
0
0
0
0
0
0
0
0
0
0
1
1
0
0
0
0
0
0
0
0
1
0
0
0
0
0
0
0
0
0
0
0
0
0
0
14
71
48
108
0
0
0
0
0
0
0
0
0
27
0
0
0
0
0
0
1
0
0
0
0
0
1
0
0
0
0
0
0
0
0
0
0
0
0
0
0
0
0
0
0
0
0
0
0
0
0
0
0
0
0
0
122
55
160
0
11
0
0
0
0
0
0
0
0
0
0
0
0
0
0
0
0
0
124
1
0
0
0
0
0
1
0
0
0
49
0
0
0
0
0
0
0
0
0
0
0
0
0
0
0
122
1
0
0
85
69
65
0
0
0
0
0
1
0
0
0
0
42
0
41
1
0
0
0
115
87
172
0
0
0
0
0
0
0
0
0
5
0
0
0
0
0
1
0
0
0
116
0
0
0
0
0
0
0
0
0
0
22
46
0
0
0
0
0
0
0
0
52
0
0
0
0
0
0
0
0
0
0
0
1
0
0
0
0
0
55
0
0
0
0
0
81
0
7
0
0
0
0
0
0
0
0
0
0
0
0
0
0
0
0
0
76
103
175
0
0
75
0
0
0
0
0
0
0
0
1
0
0
19
106
16
65
0
1
0
0
1
0
59
0
0
73
0
47
0
0
0
0
0
0
0
0
1
0
0
0
0
0
0
0
0
0
0
1
1
0
0
0
0
0
0
0
0
0
0
0
0
0
0
0
0
0
0
0
0
1
0
0
0
0
0
0
0
0
0
0
0
0
0
0
0
0
0
12
0
0
0
0
0
0
1
1
0
0
0
0
0
0
0
0
0
0
0
0
0
0
0
0
0
0
1
1
0
0
0
0
1
0
0
0
1
0
0
0
0
0
0
0
0
0
0
0
0
0
0
0
0
0
0
0
0
0
1
0
0
0
0
0
0
0
0
0
0
0
0
0
0
0
0
0
0
0
0
0
0
0
0
0
0
1
0
0
0
0
0
32
0
0
0
0
0
0
0
0
0
0
107
0
0
0
0
0
0
1
0
0
0
0
0
0
0
0
0
0
0
0
0
0
0
0
0
0
0
0
0
0
0
0
0
0
0
0
0
0
0
0
0
0
0
0
0
0
0
0
0
0
0
0
0
0
0
0
0
0
