191
173
124
139
126
126
126
120
126
119
125
130
133
139
115
119
118
119
138
132
132
136
132
133
132
135
125
128
125
114
119
139
129
114
127
126
133
119
137
126
126
118
127
123
138
124
125
119
128
122
127
132
122
123
131
121
145
136
124
123
119
129
123
144
142
119
128
126
126
132
116
116
126
123
123
141
142
119
129
125
118
120
138
121
128
127
124
120
133
122
120
130
124
122
131
130
126
123
130
122
120
130
126
123
124
124
125
125
123
122
122
122
123
131
132
134
129
127
129
123
121
125
115
131
122
130
119
112
112
138
134
135
122
122
129
121
121
130
118
121
123
128
130
126
130
125
124
126
146
143
143
140
121
122
126
127
125
126
123
127
124
119
126
133
123
123
123
121
119
126
120
122
138
140
134
122
129
122
120
121
130
126
124
125
134
135
130
123
123
128
133
127
123
122
122
133
125
132
120
125
133
114
124
116
126
122
123
121
122
129
127
126
119
123
119
130
123
120
122
130
134
124
120
121
122
133
131
127
137
134
132
122
127
129
131
123
125
121
133
120
126
129
117
117
122
128
122
130
133
123
126
133
128
123
134
120
122
121
131
127
121
120
125
122
114
122
123
128
125
130
126
125
121
129
120
120
103
103
103
122
121
126
117
108
108
116
120
131
129
124
125
124
132
125
127
123
125
120
124
119
124
118
114
123
130
125
120
122
121
130
122
110
110
132
126
124
124
134
122
121
130
126
122
124
131
130
109
109
130
119
123
104
104
104
128
124
128
125
126
118
128
127
126
124
127
122
123
129
127
127
123
128
122
118
128
131
125
123
125
123
126
122
101
101
122
125
119
122
110
110
111
129
124
122
122
118
121
131
128
127
126
125
117
134
122
115
127
123
124
130
121
115
119
120
130
124
126
124
125
126
120
115
121
132
127
121
117
132
118
122
134
131
131
123
123
123
124
122
122
131
129
122
126
128
120
132
124
125
118
127
118
135
132
132
124
136
124
121
120
117
117
121
123
124
122
125
122
123
117
122
122
129
127
129
125
123
136
132
130
126
122
125
124
116
117
122
128
123
122
122
115
125
122
115
121
123
124
124
130
121
123
127
122
123
129
125
129
125
122
122
144
132
132
129
127
125
121
114
119
123
127
137
135
131
123
121
123
130
124
117
122
121
118
121
130
121
130
123
128
125
125
121
122
129
125
130
127
124
128
124
121
122
129
121
123
122
137
133
132
129
126
117
121
119
124
122
125
126
125
131
123
129
124
134
129
126
118
107
107
123
121
121
123
131
130
133
134
133
120
122
123
126
123
126
123
120
103
103
123
132
118
118
126
120
122
128
135
129
125
120
131
133
122
124
131
119
136
132
132
131
133
121
121
119
123
118
125
125
115
122
123
129
122
123
126
121
116
122
133
126
131
133
133
129
124
124
132
123
123
128
115
122
119
119
120
124
126
121
124
124
122
128
136
127
125
127
130
127
129
125
119
120
126
124
123
119
121
129
121
125
117
129
128
131
113
113
120
129
119
120
123
129
123
129
121
123
120
125
122
125
125
125
122
128
122
122
127
119
129
122
121
130
125
116
124
127
117
129
123
129
125
125
128
122
130
131
127
128
122
123
124
113
113
130
122
129
131
120
126
116
121
123
128
121
124
116
130
123
133
133
127
139
136
132
130
125
121
126
119
122
114
121
118
110
110
125
121
123
122
124
120
122
123
130
123
123
123
123
123
127
125
125
121
119
108
108
122
120
121
133
123
122
122
129
126
120
120
134
129
125
123
133
125
118
126
129
124
127
121
121
125
121
126
120
123
132
121
124
132
119
119
145
141
141
135
120
124
128
126
126
124
117
118
122
122
130
126
129
124
126
116
130
125
127
121
120
121
117
132
130
134
133
127
132
134
131
130
132
121
131
116
126
122
131
122
130
116
124
113
113
120
123
127
120
128
123
122
128
123
129
119
130
128
129
130
128
131
123
124
122
124
122
135
124
124
128
122
118
121
128
122
122
123
130
131
121
122
121
132
129
128
122
120
122
125
123
121
125
125
132
125
125
122
128
119
122
130
128
128
122
119
120
125
118
136
132
122
125
119
127
115
127
122
122
122
122
118
122
122
123
125
128
127
123
125
126
115
121
123
130
128
123
121
123
121
131
121
123
122
122
122
130
125
126
123
118
120
128
125
124
124
123
128
126
122
134
132
124
131
123
122
131
133
132
131
126
121
125
120
123
130
123
127
134
123
123
125
126
127
122
129
124
122
124
133
130
123
131
136
130
