344
297
314
329
301
280
283
283
303
297
294
296
278
295
296
304
304
301
299
316
315
281
290
305
296
292
312
281
285
291
302
282
303
295
277
288
281
279
305
295
294
289
288
296
324
292
278
300
292
312
315
297
284
275
312
327
296
276
276
306
298
305
303
307
369
331
291
312
311
306
296
281
278
309
304
287
286
296
284
301
300
299
296
294
284
294
297
291
286
279
291
293
287
283
277
294
361
358
367
298
290
285
296
287
294
307
287
284
303
312
302
301
301
296
303
278
295
295
295
295
282
299
315
306
315
291
288
280
289
295
282
277
278
307
294
299
303
300
300
280
293
276
287
286
297
305
303
298
299
299
291
278
284
288
285
283
290
289
283
296
280
308
290
302
297
293
292
286
296
328
293
280
302
325
321
325
334
312
305
298
301
311
280
281
279
300
286
284
304
291
283
295
295
297
290
282
301
291
294
299
289
282
293
293
318
308
306
309
283
287
290
302
310
304
305
283
289
277
283
284
293
281
284
307
342
320
296
290
286
285
300
290
293
305
302
297
307
304
305
290
284
277
285
299
307
303
310
287
308
300
284
280
318
304
311
306
304
292
287
309
282
291
283
283
288
295
289
279
295
283
295
286
297
290
280
287
292
278
286
305
290
323
331
313
308
303
290
303
291
321
328
308
319
316
303
306
306
301
290
287
293
290
294
291
314
283
286
301
276
292
279
298
291
298
286
291
283
292
294
291
283
298
296
286
295
293
295
297
294
283
292
284
286
297
300
304
301
291
280
289
290
299
285
307
301
277
297
287
288
296
289
292
288
291
292
294
291
306
303
308
305
283
280
296
293
297
294
288
287
286
295
296
283
297
291
288
294
285
296
296
292
297
301
287
289
280
304
285
284
295
280
300
304
299
301
300
310
312
310
333
323
311
290
282
286
279
322
333
325
339
346
302
283
289
285
290
278
303
290
287
310
293
296
297
292
293
295
298
291
283
282
293
282
287
283
300
285
286
291
290
287
297
291
292
281
285
286
298
292
305
302
277
289
296
286
297
363
395
394
380
390
385
361
293
304
291
290
299
293
294
287
303
295
288
287
278
282
286
300
289
288
283
285
296
297
297
282
295
294
277
291
304
295
284
286
281
290
297
287
286
367
357
386
376
354
361
286
279
288
294
304
295
290
324
301
285
290
305
284
284
282
279
309
307
298
300
290
297
291
292
294
287
302
296
294
288
296
286
289
281
295
296
301
281
289
288
282
288
284
287
301
282
303
299
294
290
305
289
292
303
286
278
293
288
294
286
297
290
290
286
283
280
278
368
401
420
406
426
397
358
294
305
296
280
303
308
315
395
477
487
469
456
454
455
446
362
282
321
298
305
299
286
295
299
296
291
306
282
299
294
288
286
293
282
283
306
285
283
287
307
285
292
283
288
284
286
282
309
303
302
303
286
281
283
293
294
301
286
282
279
283
285
292
302
300
304
295
293
289
286
281
282
297
280
306
300
298
286
300
289
297
288
299
296
285
303
298
293
285
288
286
291
286
283
288
286
293
281
301
311
308
299
297
294
286
300
297
294
280
297
300
288
285
292
282
343
341
326
346
345
301
289
295
288
282
295
303
292
281
280
291
291
299
281
286
297
286
304
303
286
280
279
297
291
292
291
309
285
284
288
302
292
282
282
299
295
287
286
282
287
299
309
300
287
298
284
286
295
304
296
295
313
290
294
282
286
286
277
292
279
316
293
295
293
282
316
303
298
290
310
296
283
289
291
286
288
288
298
284
286
304
288
285
300
293
287
286
299
298
287
280
280
285
286
294
292
284
300
296
285
295
281
303
278
297
295
302
316
297
302
284
295
285
293
280
282
302
297
296
301
287
292
301
285
279
284
298
286
278
305
301
287
289
285
314
298
278
293
302
297
288
286
289
304
298
300
287
282
292
281
310
281
298
294
285
281
299
297
280
294
278
295
283
299
284
291
281
285
289
286
296
285
289
310
294
287
285
282
293
290
294
295
296
296
283
279
284
278
298
278
283
283
281
295
282
278
284
284
291
299
297
299
293
295
287
287
277
305
307
286
296
283
316
303
298
328
295
299
298
299
282
282
293
282
301
300
294
297
288
294
303
300
303
297
294
293
308
290
280
280
299
286
282
301
312
281
298
302
309
286
306
294
283
302
300
305
294
291
286
303
297
295
294
293
305
294
299
297
298
285
296
302
292
286
278
301
288
290
293
292
297
318
303
300
297
300
303
301
295
279
300
301
303
305
303
318
300
318
313
308
