159
120
162
131
122
104
104
104
158
156
153
126
124
132
133
125
122
122
123
131
139
124
123
115
125
123
147
119
135
138
141
138
138
107
107
131
111
157
126
126
124
135
113
122
122
144
123
157
157
161
146
141
142
148
135
135
156
140
139
129
142
143
143
142
135
138
156
160
164
197
198
199
203
224
231
157
146
147
148
137
145
125
126
123
130
136
123
111
111
132
131
136
139
115
115
124
129
129
115
115
129
139
141
145
126
127
132
131
140
130
127
150
148
152
150
167
184
195
216
204
215
148
166
168
168
193
157
172
172
167
170
170
152
176
179
174
193
174
157
161
171
181
188
151
149
151
148
129
159
160
152
150
151
128
131
133
127
113
114
144
145
147
142
125
108
106
106
130
136
137
142
144
144
158
127
131
133
136
129
128
140
148
168
159
167
182
140
140
156
181
180
114
113
112
136
125
128
128
193
186
184
176
174
126
110
110
128
141
140
143
139
135
136
136
129
135
169
191
192
195
212
212
217
193
188
194
184
183
167
174
160
151
153
156
153
151
151
162
162
128
193
182
201
191
215
227
208
195
192
215
190
198
191
181
189
140
142
183
181
177
166
185
191
205
202
224
213
197
166
183
193
204
200
132
150
191
198
191
189
185
137
128
179
138
155
137
139
175
202
164
180
179
179
198
183
174
201
169
207
203
202
157
119
118
118
140
144
141
126
115
115
132
132
136
146
151
152
163
169
153
140
188
191
137
220
217
211
204
166
171
165
167
189
174
168
191
182
192
174
125
121
125
140
137
137
140
130
127
125
128
133
131
128
125
167
156
168
167
150
128
129
140
137
135
129
123
133
135
133
125
132
134
131
124
137
135
135
134
114
114
146
143
146
143
131
126
112
112
120
130
120
133
130
132
130
136
132
136
128
128
143
138
138
135
129
127
135
142
129
133
127
126
118
139
134
126
126
126
126
140
133
123
135
134
137
131
129
125
127
125
137
112
111
111
125
121
110
109
109
125
126
127
171
158
157
177
160
171
182
168
172
180
153
134
130
127
133
127
178
180
179
164
160
129
137
133
130
126
137
142
139
140
143
126
124
187
189
175
161
172
153
189
183
205
200
226
146
148
160
156
204
132
136
127
123
122
120
119
106
106
173
175
186
142
139
196
204
193
127
169
181
187
195
196
190
125
130
131
138
148
113
110
110
110
130
141
130
108
108
108
108
176
194
204
140
148
218
208
206
172
184
142
191
179
185
186
110
110
128
170
151
177
169
180
176
127
109
108
109
129
121
131
179
200
206
205
207
220
203
179
156
195
194
191
209
126
126
127
168
174
173
173
163
130
112
112
129
127
133
193
195
196
198
201
207
122
125
124
119
165
152
159
167
158
165
127
115
113
130
199
196
200
129
130
216
211
208
117
117
128
126
127
132
135
108
108
125
127
185
190
186
188
191
187
144
145
148
175
175
187
138
139
143
147
161
159
164
166
143
149
148
151
149
157
157
184
170
171
185
198
190
163
177
173
168
168
178
135
130
130
122
122
129
143
142
141
165
176
176
196
193
208
154
154
184
151
182
181
206
203
204
198
205
191
215
212
210
209
172
172
169
182
166
168
170
169
153
153
163
172
189
180
180
206
211
172
167
191
165
207
174
181
196
197
206
179
200
142
137
163
125
125
136
140
142
147
180
189
184
189
182
182
165
171
188
149
145
140
140
156
135
140
116
116
129
138
151
151
138
147
136
116
116
116
116
125
117
129
137
136
125
139
131
129
129
120
135
134
129
133
134
127
132
126
139
135
132
142
129
132
140
131
127
132
128
137
133
126
114
114
122
141
130
131
125
134
131
136
128
129
124
135
130
123
124
120
128
125
136
138
127
133
126
129
145
139
140
127
128
122
121
128
125
126
124
124
133
131
125
133
126
128
125
137
129
125
132
126
129
128
118
133
124
109
109
137
113
113
127
127
130
138
141
141
137
136
141
112
112
109
108
109
129
119
125
184
192
198
182
197
193
191
189
206
209
203
200
162
157
168
160
163
172
170
158
159
153
112
112
112
113
113
112
161
168
134
184
178
170
131
130
128
129
123
110
111
127
130
135
134
119
125
130
128
107
107
108
129
113
114
134
128
129
131
126
128
138
112
130
114
130
136
130
126
132
139
145
129
130
116
114
124
128
125
131
127
130
111
111
126
132
127
136
111
111
124
129
130
136
129
135
128
126
127
128
124
110
110
129
129
129
136
126
136
130
130
136
140
134
126
132
135
129
131
126
129
127
127
127
129
