1
0
1
0
0
0
0
0
0
0
0
0
0
0
0
0
0
0
1
0
1
1
0
1
0
1
1
0
0
0
0
0
0
1
0
0
0
1
0
1
0
0
1
1
0
0
0
0
0
1
0
0
0
1
0
0
0
0
0
0
0
0
1
0
0
0
0
0
0
1
0
0
0
0
0
0
1
0
0
0
0
0
0
0
0
0
0
0
1
0
0
0
1
0
4598
4598
4580
4563
3985
4808
5048
5291
6178
3337
4964
4966
5341
3994
4338
3079
3414
4004
3535
2713
3114
3546
1471
535
2531
3384
651
717
895
1786
2023
2105
497
131
0
0
0
0
0
6
6
1
0
0
0
1
0
1
0
1
0
1
0
0
0
0
0
0
0
741
669
0
0
0
197
943
1053
1074
1074
1
0
0
0
0
0
0
0
0
0
0
0
0
0
0
0
0
0
0
0
0
0
0
0
1
0
0
0
0
0
0
0
0
0
0
1
0
0
0
0
0
0
0
0
0
0
0
1
0
0
1
1
1
0
0
0
0
0
0
0
0
0
0
0
0
0
0
0
0
0
0
0
1
0
1
0
0
1
0
0
0
0
1
168
2670
3477
1564
1749
0
323
890
10152
9439
4800
4279
10605
10732
10759
6358
6762
8962
9064
10670
5025
6471
4743
3697
1742
2390
1638
1704
517
0
0
0
0
0
0
0
0
0
0
0
1
0
0
0
0
0
0
1
0
0
0
0
0
0
0
0
0
0
0
0
1
0
0
0
0
0
0
0
0
0
0
0
0
0
0
0
0
0
0
0
0
0
0
0
0
1
0
0
0
0
0
0
0
0
0
0
0
0
0
0
0
0
1
0
0
0
0
0
1
0
0
0
0
0
0
0
1
0
0
0
0
0
0
0
1
0
0
0
0
0
0
0
0
0
1
0
0
0
0
0
0
0
0
0
1
1
0
0
0
0
0
0
0
0
1
1
1
0
0
0
0
0
0
0
0
0
0
0
0
0
0
1
0
0
0
0
0
0
0
0
0
0
0
0
0
0
0
0
0
1
0
0
0
0
0
0
0
0
0
0
0
12
315
1
1
0
72
513
0
403
0
1
0
0
0
0
0
0
0
0
0
0
0
0
0
0
0
0
0
0
0
0
0
0
0
0
0
0
0
1
0
0
0
0
0
1
0
0
1
0
0
0
0
0
0
0
0
0
0
0
0
0
0
0
1
0
0
0
0
0
0
0
0
0
0
0
0
0
0
0
0
0
0
0
0
0
1
0
0
0
0
1
0
0
0
0
0
0
0
0
0
0
0
0
0
0
0
0
0
0
0
0
0
0
0
0
0
0
0
0
0
0
0
35
275
42
0
0
2229
2227
741
3161
3731
3894
4966
4750
1427
2749
3179
3772
3122
3336
4004
4190
1223
1190
2444
3106
3343
978
1110
640
1110
938
6463
4938
5818
2645
6552
6833
8322
8172
7760
6807
6886
7056
6289
7323
7723
8142
7441
6928
6511
5954
6059
8390
5593
5900
8406
7658
7005
7366
7706
5912
6112
5903
6028
7067
158
1210
2130
2286
4014
330
79
0
0
0
0
0
0
1
0
0
0
0
0
1
0
0
0
1
0
0
0
1
0
0
0
1
0
0
0
0
0
0
0
0
0
0
0
0
0
0
0
0
0
0
0
1
0
0
0
0
0
0
0
0
0
0
0
0
0
0
0
0
0
0
0
0
1
0
0
0
0
0
0
0
0
0
0
0
0
0
0
4139
4122
672
1509
6951
1146
2859
12467
7224
7387
7581
9525
9649
11320
12359
8925
9221
9256
9644
6928
7248
8145
8323
8794
7947
7320
8062
9348
8515
7179
6672
7175
6140
3987
5460
6148
4161
6451
3324
4234
5110
2343
2622
3098
12721
8401
8447
8709
11520
11431
12644
11853
11385
11376
11106
10806
10180
9854
9844
10314
7814
8125
8393
8679
9825
7971
8053
8012
6808
5831
7505
7709
2208
2837
2763
3051
3912
2086
2234
285
837
1541
1990
0
0
0
0
0
0
0
0
0
1
0
0
0
0
0
0
1
1
0
1
0
0
0
0
0
0
0
0
0
0
0
0
0
0
1
0
0
0
0
0
0
0
0
0
0
0
0
0
0
0
0
0
0
0
0
0
0
0
1
0
0
0
0
0
0
0
0
0
0
0
0
0
0
0
0
0
0
0
0
1
0
0
0
0
0
0
0
0
1
0
0
0
0
0
0
0
0
0
1
0
0
0
0
0
0
0
0
0
0
1
1
0
0
1
0
0
0
0
0
0
0
1
0
0
0
0
0
1
0
0
0
0
0
0
0
0
0
0
0
1
0
1
0
0
0
0
0
0
0
0
0
0
0
0
0
1
0
0
0
0
0
0
0
0
0
0
0
0
1
0
0
0
0
0
0
0
0
0
0
0
0
0
0
0
0
0
0
0
1
0
0
0
0
0
0
0
