154
253
268
262
256
254
130
166
201
194
154
131
132
133
130
132
129
132
127
127
126
121
145
111
229
227
222
222
220
206
111
119
114
125
140
122
133
134
131
131
130
149
131
128
194
197
185
216
219
223
213
217
226
130
134
137
114
115
129
132
125
127
153
152
123
130
132
134
136
129
125
126
127
125
127
132
129
141
129
132
129
136
160
164
128
119
119
130
198
225
225
220
225
219
214
164
166
206
230
225
226
239
137
133
124
201
205
204
236
135
138
147
139
144
146
149
136
128
134
140
198
199
201
193
201
201
209
185
206
203
217
203
226
235
215
223
182
185
206
206
228
156
154
154
155
163
170
188
131
132
126
134
125
140
126
137
135
139
132
137
126
131
136
241
240
238
239
239
252
259
253
214
222
208
200
209
227
210
136
141
148
178
145
143
147
142
143
144
125
126
126
131
137
131
142
108
108
137
139
144
126
133
132
145
144
142
142
130
127
133
136
132
139
138
142
139
135
141
127
126
130
137
137
141
131
113
110
112
128
156
153
155
156
166
181
177
181
181
178
155
153
148
190
190
198
192
192
213
215
211
131
117
116
127
126
137
183
145
144
143
140
128
130
130
129
127
128
131
139
140
143
106
106
129
150
149
147
162
156
142
142
147
135
140
147
146
124
134
138
110
110
133
127
129
128
139
140
138
140
227
234
239
245
254
150
160
165
168
241
240
238
163
175
161
162
170
159
169
169
170
193
213
220
163
184
225
214
207
213
218
128
133
130
133
137
151
159
150
153
165
166
171
168
162
136
137
172
181
179
176
180
172
173
195
187
193
192
133
144
140
130
152
159
150
141
138
143
134
141
123
137
137
134
136
140
147
145
140
137
134
136
130
131
138
133
143
141
143
145
143
149
153
151
147
145
136
142
123
193
171
193
197
199
199
194
195
142
141
145
140
136
129
126
134
136
130
162
161
164
166
162
162
158
187
194
225
214
213
217
199
148
150
149
128
134
133
138
135
139
157
151
137
170
165
170
172
172
184
184
183
165
188
196
188
129
127
124
126
127
199
185
192
191
182
180
179
177
111
111
111
153
150
154
149
142
171
174
186
179
192
203
178
178
183
134
138
188
174
176
179
206
182
182
185
136
141
140
171
161
161
159
138
142
143
128
134
137
132
141
117
117
116
138
143
146
115
114
130
179
185
185
178
185
144
138
144
127
133
132
138
113
112
139
140
145
172
171
173
171
168
131
137
116
115
139
140
143
128
132
137
140
134
132
127
135
128
114
115
117
116
115
133
137
125
125
125
139
139
144
145
142
143
128
128
125
135
138
144
150
138
137
141
144
145
133
135
129
134
137
127
128
126
135
140
188
176
172
191
185
185
188
178
167
182
170
173
124
127
153
151
138
141
150
161
160
164
163
163
217
214
236
256
176
181
200
242
255
249
260
193
194
160
173
224
215
214
216
221
159
145
150
162
163
167
184
186
234
195
208
202
205
211
206
206
137
136
142
153
148
200
201
217
223
226
215
217
215
143
144
173
161
174
166
176
167
184
181
165
161
174
182
187
193
184
177
211
216
143
148
147
221
239
230
166
160
158
176
176
161
162
174
217
208
203
244
244
247
227
179
176
239
175
166
173
179
179
143
135
116
115
115
142
144
140
144
145
170
160
160
170
168
151
149
157
157
146
143
210
215
192
192
201
216
193
215
145
145
137
137
165
140
196
198
202
202
151
150
147
194
193
213
193
142
147
168
187
147
174
216
257
221
264
262
277
259
285
280
131
142
172
219
257
268
183
180
177
186
301
378
375
411
406
299
286
237
234
214
193
123
151
205
223
213
218
211
234
214
184
127
127
222
213
221
220
206
246
208
268
258
220
214
225
208
237
239
163
155
164
164
163
163
169
175
170
165
184
183
208
207
223
243
240
223
251
141
185
200
208
250
254
238
230
235
235
230
234
165
155
217
230
238
229
218
212
158
144
148
200
134
137
139
137
159
159
141
142
128
157
271
268
226
201
132
135
135
135
135
135
131
130
141
137
113
113
134
115
116
129
135
129
130
125
128
129
128
137
140
131
131
136
130
115
115
130
125
136
133
133
128
134
127
134
129
129
132
131
134
134
137
132
122
131
126
133
130
136
129
138
133
131
135
132
130
128
145
133
137
135
139
133
132
135
129
131
108
108
108
148
139
140
127
127
131
130
134
136
133
132
142
126
126
129
140
131
130
129
139
131
133
130
127
129
132
129
131
133
127
128
133
127
111
129
130
136
112
128
136
134
128
132
