179
154
170
170
171
139
131
129
147
136
126
209
212
218
228
234
235
117
118
129
146
122
134
119
126
158
152
154
130
124
123
122
157
140
123
128
126
115
112
143
124
116
132
127
130
148
134
129
126
127
122
146
139
121
125
120
125
141
122
121
127
126
117
177
139
136
132
140
133
139
137
138
144
137
131
128
137
139
137
133
140
134
133
132
133
138
134
136
133
138
131
135
135
141
150
145
145
142
131
139
131
130
132
139
133
139
136
131
132
129
131
140
135
138
136
144
141
141
139
132
136
135
143
134
141
139
139
150
132
134
131
141
133
133
130
132
138
136
138
133
126
130
143
134
138
133
131
133
139
135
133
129
134
127
132
138
141
136
140
135
137
138
134
133
138
133
134
130
134
132
137
154
149
152
141
134
132
134
130
136
133
130
130
130
135
131
138
137
137
132
136
137
115
136
134
136
138
131
128
130
135
134
133
138
138
134
128
121
121
130
143
140
138
130
135
132
131
130
138
132
132
136
132
132
132
147
143
144
132
138
135
129
131
129
138
135
134
133
143
140
138
131
129
130
142
138
135
131
146
128
143
133
133
133
134
135
141
129
135
134
139
133
133
127
130
142
135
132
132
139
133
136
131
132
134
139
139
135
132
125
145
146
135
132
138
131
130
141
132
138
137
137
136
133
130
142
139
135
129
124
135
140
137
134
133
131
133
133
131
129
137
134
133
129
138
134
136
129
132
132
132
126
139
133
129
130
131
129
130
142
134
128
142
138
132
133
130
131
131
133
138
134
133
133
130
141
131
136
127
132
130
142
133
132
131
132
134
134
144
142
132
133
145
140
135
129
130
133
131
142
141
142
132
129
138
132
135
136
138
131
138
136
130
135
140
141
141
138
135
134
130
142
139
139
134
131
140
135
131
130
131
142
139
131
136
138
133
131
140
139
137
135
135
127
129
130
130
138
130
128
130
133
129
141
137
135
137
133
127
132
142
140
131
140
131
127
150
151
147
139
134
132
134
131
137
131
138
134
134
131
135
146
140
143
132
136
134
130
130
131
125
125
138
138
146
131
129
120
139
135
140
133
134
128
140
132
130
128
133
141
135
136
132
136
132
131
141
140
134
140
140
130
131
137
134
132
132
131
130
131
130
131
133
141
144
134
120
120
135
132
129
133
133
131
136
132
140
133
140
136
140
136
133
136
133
136
131
134
129
131
132
129
130
135
130
148
141
134
134
132
137
137
135
133
130
137
138
128
132
137
140
129
134
131
126
131
133
137
131
132
139
136
132
131
135
127
131
136
135
131
131
129
130
132
135
133
134
130
139
137
130
141
136
129
134
142
130
140
134
136
131
136
129
130
132
126
131
130
134
139
132
141
134
141
134
130
140
135
130
134
129
135
144
130
135
132
135
131
131
131
130
131
134
137
133
