167
234
236
251
252
226
201
129
126
133
112
112
105
122
116
137
128
121
124
114
118
132
127
123
121
111
125
123
123
128
103
126
117
135
120
125
122
114
140
131
120
119
120
120
118
134
122
125
115
119
120
133
114
114
119
118
110
131
127
125
126
126
121
155
171
153
151
152
122
139
108
127
125
119
122
146
148
153
152
136
115
132
121
127
120
119
120
128
119
111
111
111
111
124
120
119
115
116
137
130
125
123
122
129
126
120
131
128
119
119
130
126
118
121
121
125
115
121
113
113
119
133
130
120
117
127
125
126
130
131
127
122
116
121
134
130
123
137
133
132
124
109
109
117
133
121
159
169
171
173
154
170
121
122
135
131
133
120
120
130
125
120
116
122
124
117
117
130
115
128
118
121
121
116
116
125
130
127
124
151
148
145
143
129
125
124
122
123
119
117
120
127
121
108
108
108
128
120
124
115
122
120
126
108
108
181
195
195
199
200
170
120
122
126
126
117
117
127
122
135
138
140
136
122
112
112
123
133
128
126
116
121
132
127
106
106
116
123
116
108
108
108
122
127
121
137
134
135
136
134
132
131
129
124
120
123
133
130
122
126
122
136
130
129
127
117
124
111
112
111
111
110
110
117
109
120
123
123
116
134
129
132
132
127
121
127
119
123
129
126
118
124
123
116
120
123
170
171
176
171
190
130
120
135
131
132
124
113
134
129
124
122
129
123
124
128
124
128
119
121
115
118
146
142
143
143
128
126
115
122
126
123
121
114
126
117
119
110
120
132
123
114
130
125
122
118
135
132
132
120
116
120
133
129
135
128
126
117
110
110
123
121
123
124
126
126
117
112
112
117
115
132
133
129
136
132
131
120
114
114
124
117
122
122
135
131
126
124
114
120
131
127
132
125
130
126
124
122
121
122
122
120
120
123
116
120
164
175
177
182
177
122
124
112
125
122
121
124
121
129
125
124
120
124
124
122
124
122
121
126
118
153
151
152
150
131
126
130
124
138
134
134
131
126
121
124
124
129
124
122
129
122
132
129
130
126
133
130
126
130
125
123
129
124
128
110
110
109
109
109
119
111
111
127
128
118
118
119
121
123
137
132
131
122
131
128
121
129
115
132
125
122
122
120
125
123
123
115
115
112
126
130
127
121
121
117
123
130
126
121
119
121
121
130
126
120
126
122
122
116
122
121
128
122
121
129
126
119
117
117
128
125
119
121
123
135
139
139
138
190
191
199
197
204
189
135
128
123
120
114
126
119
123
129
132
128
116
129
122
123
123
115
120
127
121
121
132
130
129
129
117
110
110
127
120
121
116
113
123
125
117
127
122
127
122
124
114
114
136
133
131
128
118
118
115
121
121
112
128
123
109
109
126
116
119
127
130
123
123
133
130
126
121
118
114
129
132
125
123
114
110
119
132
132
140
139
130
127
109
109
109
110
112
113
113
125
126
122
123
119
129
124
124
121
121
125
116
124
114
116
122
122
133
128
124
121
121
125
120
110
117
110
122
117
120
131
126
132
117
121
136
129
130
121
137
134
131
126
119
124
122
112
112
136
132
131
128
120
129
125
122
119
123
123
128
126
118
126
121
117
125
121
126
121
122
119
114
127
122
116
115
114
137
131
131
117
125
108
115
108
128
117
130
127
115
118
138
134
134
121
131
126
122
120
121
120
127
130
121
110
110
127
118
127
102
102
102
106
128
120
120
126
131
128
121
121
121
117
135
130
124
125
124
115
127
131
126
122
120
118
127
122
111
111
123
131
126
128
121
123
129
125
122
130
117
129
124
128
129
121
125
122
118
124
122
122
124
130
127
124
121
112
118
112
108
109
120
120
116
116
110
110
121
120
122
116
117
117
111
117
111
130
127
122
119
120
120
122
122
121
122
121
128
122
115
122
111
134
130
125
136
133
130
131
126
130
116
115
125
117
127
126
127
121
112
116
128
117
117
116
125
119
121
125
131
126
122
121
117
134
130
122
118
126
122
125
123
125
125
120
130
128
128
122
132
115
128
124
136
133
128
170
173
176
179
184
123
120
118
127
119
126
114
112
124
112
119
112
117
121
121
123
119
119
114
122
127
111
120
122
128
117
129
122
117
121
131
127
128
117
122
130
128
123
127
130
106
106
106
106
125
122
113
123
125
135
132
131
130
129
124
124
123
128
130
126
123
114
121
113
130
123
111
111
108
120
125
120
122
121
121
130
126
132
126
123
127
123
123
124
125
121
121
123
128
117
119
123
123
120
130
115
128
124
131
128
124
123
122
123
