171
150
150
150
173
141
118
179
125
132
132
124
124
141
129
129
143
135
136
133
131
105
105
105
156
140
134
133
131
118
119
129
138
134
149
136
129
135
118
111
145
159
155
152
153
159
136
136
142
142
163
155
150
164
160
161
176
155
123
123
124
127
128
138
135
132
125
127
127
158
156
157
137
124
134
128
145
129
133
127
128
149
144
127
138
115
114
114
121
140
140
138
142
161
164
156
152
126
114
114
112
112
128
130
114
114
129
129
127
109
110
111
110
127
116
128
135
130
136
128
125
132
129
130
116
115
114
129
117
115
128
127
134
136
138
147
149
147
155
128
128
149
127
116
115
122
122
124
116
138
115
115
114
144
132
131
131
126
136
149
133
132
136
134
143
156
155
156
161
145
141
154
149
129
129
118
117
143
154
153
146
145
144
117
117
135
127
126
123
138
133
124
111
111
111
128
158
155
154
158
133
138
132
127
128
132
137
142
126
131
125
127
130
136
124
125
130
115
121
115
129
134
132
136
135
132
122
121
136
114
115
127
126
114
115
126
126
140
145
140
129
128
116
116
126
134
134
135
140
120
131
130
124
119
119
133
135
147
152
124
142
142
128
135
126
123
123
128
134
133
134
145
148
142
142
158
127
129
148
146
146
153
151
142
142
148
141
144
155
157
156
151
135
135
145
145
147
148
142
144
143
151
149
155
154
139
143
127
131
144
143
144
131
123
125
125
129
128
117
119
120
120
122
121
120
121
124
121
128
128
132
123
124
136
131
137
143
142
142
151
130
151
131
140
123
121
136
130
138
133
132
111
123
130
139
135
130
128
131
123
122
128
126
129
128
128
129
139
133
132
127
129
134
133
129
134
128
134
149
138
126
141
140
108
108
109
132
127
129
128
130
131
134
155
153
154
154
112
112
128
130
129
136
143
136
147
129
128
129
131
127
127
131
136
133
136
152
151
158
150
129
134
156
161
136
158
159
139
140
144
147
134
134
149
148
140
133
132
134
127
138
113
113
123
139
134
137
128
106
107
108
129
127
134
128
128
135
132
129
107
107
107
127
128
128
139
131
133
135
117
117
124
109
109
109
111
111
111
116
116
131
135
119
115
115
120
120
116
132
127
129
137
127
139
112
112
112
136
127
127
128
127
146
139
138
130
127
129
126
129
128
111
111
112
135
129
127
114
114
134
114
113
121
107
107
113
113
109
137
122
122
132
114
115
137
133
112
113
135
134
135
131
133
125
129
128
140
114
114
116
127
127
132
129
132
127
128
123
130
131
129
126
114
114
121
122
121
114
115
116
128
118
118
120
113
113
122
122
126
127
127
130
113
113
128
130
140
136
127
138
137
138
139
136
132
127
128
126
126
135
134
139
136
132
135
128
135
137
139
130
134
127
135
131
133
124
134
127
130
131
135
139
127
120
120
122
136
128
128
126
129
135
130
132
129
147
139
138
129
138
132
133
137
122
122
129
120
123
135
131
129
141
138
135
115
115
126
128
131
130
139
129
128
141
142
143
128
131
124
118
120
128
139
148
145
134
137
130
129
122
124
124
141
134
135
137
134
135
129
125
132
136
119
115
115
126
135
122
132
130
131
135
127
142
141
143
129
130
115
136
160
154
155
158
148
147
155
154
171
156
132
157
146
147
144
138
140
145
127
114
113
137
136
132
134
146
150
155
153
151
143
143
144
129
156
157
156
154
152
143
138
157
140
135
127
130
154
151
154
153
144
137
152
151
140
140
151
150
151
144
152
149
158
141
134
134
157
152
155
117
117
155
141
140
145
146
154
163
161
162
142
153
158
150
153
160
162
139
149
163
122
119
140
151
146
140
140
145
150
155
154
148
133
125
129
128
127
126
122
132
135
121
135
121
138
117
116
116
135
118
118
117
127
133
132
111
110
111
125
114
114
115
129
134
132
132
126
126
117
128
128
120
107
108
107
127
157
154
134
156
151
132
137
156
156
134
154
155
118
110
110
136
136
134
147
134
127
127
139
133
136
140
137
135
131
127
133
129
128
125
130
139
135
123
132
129
130
136
130
130
133
130
138
132
135
137
126
129
155
153
130
152
156
112
114
115
126
108
114
108
110
110
109
109
114
109
109
108
108
136
135
132
128
126
142
134
124
121
129
130
129
130
123
126
116
116
127
127
136
138
144
144
129
124
130
135
128
128
133
132
131
100
100
129
137
137
145
132
137
129
121
135
129
131
134
131
140
124
131
131
140
137
138
137
130
144
125
128
136
133
132
130
127
138
127
131
135
131
129
128
