0
0
0
0
1
0
0
0
90
178
245
231
242
173
222
308
278
351
248
246
194
234
162
257
187
158
145
155
64
182
108
51
0
8
0
0
0
0
0
1
1
0
0
0
1
0
0
0
0
0
0
0
0
0
0
0
1
0
9
19
92
99
90
11
50
37
98
124
1
0
0
0
0
0
0
0
1
0
0
0
1
0
2
15
4
1
7
30
64
87
93
63
138
136
136
150
91
127
195
174
118
167
208
0
54
57
78
75
92
0
0
0
0
0
0
0
1
0
0
8
41
2
1
1
1
1
82
85
127
10
0
5
44
50
2
0
0
0
0
0
0
0
0
0
0
0
0
0
1
0
0
0
0
0
0
0
32
20
1
4
71
24
31
32
0
0
7
0
41
8
38
35
87
102
101
108
165
103
64
78
34
25
78
69
2
0
0
0
0
0
0
0
0
0
0
0
93
93
0
23
0
0
0
0
1
0
0
0
0
0
0
0
0
0
1
0
0
0
1
0
0
1
0
0
0
0
0
0
0
0
1
0
0
0
0
0
0
0
0
0
0
1
0
0
0
0
0
1
0
0
0
0
0
0
0
0
0
0
0
3
13
16
30
0
25
29
77
24
22
27
41
0
0
0
13
0
0
0
0
0
1
0
0
0
0
0
1
0
0
0
0
0
0
0
1
0
33
0
0
0
0
0
0
0
0
0
1
0
0
0
0
0
0
0
0
0
0
0
0
0
0
0
0
0
0
0
0
0
0
0
0
0
0
0
0
0
0
0
0
0
0
0
0
0
0
46
16
38
32
0
56
104
118
116
99
107
116
102
185
162
88
138
191
235
32
58
0
70
67
64
115
0
0
0
0
0
0
0
0
0
0
0
1
0
0
0
0
0
0
0
1
1
0
0
0
1
0
0
0
0
0
0
0
1
0
0
0
0
0
0
0
0
0
1
1
1
0
0
0
0
0
0
0
0
0
0
0
0
0
0
0
0
0
0
0
1
0
0
0
0
0
0
0
0
0
0
0
0
0
0
0
0
0
0
1
33
0
0
0
0
0
0
0
25
8
56
0
0
0
0
0
1
0
0
0
36
62
93
97
108
0
0
5
6
40
69
137
0
0
0
0
0
0
0
0
0
0
0
0
0
0
0
0
14
13
67
70
0
76
48
0
0
0
0
0
0
0
0
0
0
0
0
0
0
0
0
0
1
0
0
0
0
0
0
0
0
0
1
0
0
0
0
0
0
0
0
33
40
52
0
0
0
0
0
0
0
0
0
0
0
0
0
0
0
0
0
0
0
0
0
0
0
0
0
0
0
0
0
0
0
1
0
0
0
0
0
0
0
0
1
0
0
0
0
0
0
0
0
0
0
0
0
0
0
0
0
0
0
0
43
37
26
44
86
109
82
0
0
0
14
44
55
58
29
68
89
67
0
23
44
0
0
18
21
61
0
77
97
86
105
83
38
90
52
0
0
1
0
0
0
0
0
0
0
0
0
0
0
0
0
0
0
0
1
0
0
49
27
41
51
14
0
4
0
0
0
0
0
0
0
0
0
0
0
0
0
0
0
0
0
24
0
0
0
0
0
0
0
0
0
0
1
0
0
0
0
0
0
0
38
0
0
0
0
0
0
0
0
0
0
0
0
0
0
0
0
0
0
0
0
0
0
0
1
1
0
0
0
0
0
0
0
0
0
0
0
1
0
0
1
1
0
1
0
0
0
0
0
0
0
0
0
0
0
0
0
0
0
0
0
0
0
0
0
1
0
0
0
0
0
0
0
0
0
0
0
0
0
0
0
0
0
0
0
0
0
0
0
0
0
0
1
0
0
0
0
0
0
0
0
0
0
0
0
0
0
0
0
0
0
0
0
0
0
0
0
0
0
0
0
0
0
0
0
0
0
0
0
0
0
0
0
0
0
0
0
0
0
0
0
0
0
0
0
0
0
0
0
0
0
0
0
0
1
0
0
0
1
0
0
0
0
0
0
0
0
0
0
0
0
