0
1
0
1
0
0
0
132
3
0
0
0
0
0
1
0
0
59
0
0
59
216
315
147
16
0
0
1
0
0
0
289
285
427
278
509
494
763
764
696
499
750
572
718
574
181
136
213
214
351
196
0
0
1
1
0
1
0
191
0
0
0
0
0
0
0
0
0
1
0
0
1
171
182
0
0
0
0
0
178
52
0
0
72
0
0
187
0
0
185
16
0
0
57
0
0
0
0
0
0
212
95
1
307
0
0
247
0
159
205
379
0
0
0
153
108
259
259
460
269
353
6
259
306
378
391
541
501
603
593
511
543
365
341
549
474
568
549
266
299
550
513
588
414
171
212
0
0
177
28
241
0
0
108
75
58
0
0
0
0
0
0
0
0
0
0
0
0
0
0
83
132
277
292
283
0
0
0
0
0
0
0
0
47
0
1
0
0
1
1
0
0
0
0
0
0
0
46
0
0
0
0
0
0
0
0
1
0
0
0
215
188
386
463
663
484
694
409
681
575
841
0
0
0
0
147
0
0
0
0
0
288
225
426
357
475
528
652
713
907
853
643
68
145
39
0
0
142
0
0
115
0
0
0
193
0
9
90
95
297
304
491
417
224
213
425
371
624
405
382
0
0
0
0
0
2
133
46
17
0
12
245
195
0
0
209
270
0
0
85
0
0
0
0
165
0
0
7
0
165
0
0
0
0
1
0
0
0
97
0
0
0
0
122
0
1
0
0
0
113
174
1
0
0
83
0
0
0
23
200
89
0
0
207
0
0
0
164
0
0
83
78
0
0
249
237
505
1
0
118
174
0
0
0
0
194
161
81
195
99
298
8
0
196
51
0
0
105
98
108
93
66
0
0
0
0
0
0
0
21
292
0
0
61
184
1
0
0
81
1
1
115
184
190
133
245
0
0
0
55
145
0
0
224
0
0
0
108
138
333
310
171
0
0
0
0
0
0
0
0
1
0
0
0
0
0
0
6
202
124
256
84
294
0
132
162
159
135
256
250
264
287
270
297
55
0
0
0
182
116
222
0
0
0
0
0
0
0
0
0
44
67
0
0
0
0
203
197
387
388
547
559
624
580
704
696
895
693
926
907
555
415
507
95
340
339
338
6
176
184
0
0
177
0
0
0
9
0
1
0
0
0
0
129
78
22
0
0
0
0
1
135
104
1
0
0
0
1
0
0
0
196
223
0
0
0
48
121
292
24
158
0
0
0
1
0
105
53
157
37
0
0
0
0
0
0
0
0
0
280
0
0
159
96
0
36
281
253
230
0
129
0
0
80
72
216
296
444
513
217
260
292
192
0
0
0
0
0
0
83
277
370
442
448
361
9
84
38
123
183
39
86
0
0
0
1
265
193
9
380
34
1
0
19
0
0
0
0
193
212
177
0
0
53
0
0
35
143
30
122
20
173
0
0
0
0
0
0
0
289
148
234
107
0
0
0
0
0
0
1
0
0
38
0
0
80
1
0
0
0
93
0
0
0
0
0
176
215
443
0
0
10
63
0
0
0
0
0
197
0
0
165
113
337
43
220
146
194
115
156
0
0
0
1
0
0
0
0
243
172
371
318
214
29
185
0
79
191
0
0
0
0
0
0
0
0
0
0
0
209
0
0
0
3
89
0
0
0
0
0
0
0
0
0
197
182
1
0
0
0
211
0
0
0
80
0
0
0
0
1
0
238
158
246
24
135
46
33
0
0
1
0
0
0
0
286
130
52
0
0
0
0
0
0
0
198
0
0
0
0
6
13
0
0
0
201
23
221
208
159
108
166
155
321
0
0
0
0
0
0
0
71
0
0
0
0
0
0
0
176
0
0
0
0
0
0
0
0
150
0
0
0
0
0
1
0
13
3
62
156
61
147
0
1
0
0
0
1
0
0
0
0
93
0
1
0
0
0
43
150
0
0
232
0
150
192
146
6
0
0
0
0
0
0
0
0
0
0
0
0
0
1
0
0
0
0
0
274
0
0
1
0
0
0
0
0
0
0
0
165
0
0
0
1
0
54
0
0
0
0
0
0
0
0
105
0
14
126
215
0
0
0
0
1
0
0
0
0
0
0
0
0
0
0
0
1
0
0
0
1
0
0
1
0
0
0
1
0
1
0
176
0
0
0
0
0
0
79
15
0
0
0
0
0
0
0
0
0
0
0
1
0
0
0
229
1
0
0
0
0
0
0
0
0
0
1
0
0
0
0
0
0
0
0
0
0
0
0
0
0
0
0
0
184
1
0
0
0
0
0
0
0
0
0
0
0
0
0
0
0
