0
0
0
0
0
0
0
0
0
0
0
0
0
0
0
0
0
1
0
0
0
0
0
0
0
0
1
0
0
0
0
0
0
0
0
0
0
0
0
0
0
1
1
0
1
0
0
0
0
0
0
269
47
34
67
97
93
312
252
22
52
23
22
99
51
131
105
80
0
0
0
0
0
0
90
29
512
267
466
350
343
326
613
579
643
414
495
489
687
711
678
627
618
710
676
1022
683
570
650
594
652
652
800
682
623
596
512
565
418
523
143
273
583
302
473
303
292
322
541
565
550
427
246
316
325
274
0
0
0
0
0
0
0
0
0
0
0
0
0
0
0
1
0
0
0
0
55
99
0
0
0
0
0
0
0
0
0
0
0
0
0
0
0
0
0
67
110
148
111
130
103
227
325
322
335
175
140
1
0
0
0
0
0
0
1
0
0
0
0
1
1
1
0
0
134
165
0
0
0
0
0
0
0
0
0
0
0
0
31
0
262
78
0
0
0
0
171
0
0
0
0
0
0
0
0
0
0
0
0
0
0
0
0
0
0
0
0
0
32
0
0
0
0
0
1
0
0
0
0
0
0
0
0
0
0
0
0
0
0
0
0
0
0
0
0
0
0
0
0
0
0
1
0
0
0
0
0
0
0
0
0
0
0
0
0
0
0
0
0
0
0
0
0
0
0
0
0
0
0
0
0
0
0
1
0
0
0
0
0
1
0
0
1
0
1
0
0
0
0
0
0
0
0
0
0
0
1
0
0
0
0
0
0
42
47
0
16
16
0
0
0
0
0
0
0
13
31
77
0
0
0
1
0
0
0
0
0
0
0
0
1
0
17
0
0
0
0
0
1
0
0
1
0
0
145
136
175
139
265
52
77
85
181
68
188
0
0
0
0
0
33
172
0
0
0
0
0
0
0
0
0
0
0
0
0
0
0
0
0
0
0
0
0
0
1
0
0
0
0
0
0
0
0
0
0
0
0
0
0
0
0
0
0
0
0
0
0
0
0
0
0
0
0
0
0
0
0
0
1
0
0
0
0
0
98
39
126
30
0
0
0
0
0
0
0
0
0
0
0
0
0
0
26
134
142
0
0
0
0
0
0
0
0
0
0
41
153
5
59
37
124
180
291
129
0
0
49
344
0
0
0
0
0
1
0
178
210
0
237
42
0
0
0
0
0
0
0
79
97
201
39
0
68
111
77
193
329
302
386
332
262
358
514
452
82
478
119
230
307
103
91
0
0
0
0
158
86
109
418
435
450
322
0
0
111
206
197
155
54
236
282
59
291
119
0
0
0
0
0
0
73
0
0
70
66
36
207
106
0
20
0
0
0
60
157
0
0
0
0
0
0
0
0
0
0
1
0
0
0
0
0
0
0
0
0
0
0
0
0
0
0
65
0
0
0
0
0
0
0
0
0
0
1
0
1
0
0
446
0
0
0
1
0
1
0
1
1
474
459
480
476
457
493
899
917
917
220
938
196
248
239
282
241
330
295
329
288
136
0
0
0
0
0
0
0
0
0
0
0
0
0
197
157
174
198
121
101
1
0
0
0
0
0
0
0
1
1
0
0
0
404
485
443
492
493
519
436
488
548
536
533
597
912
930
1016
994
1025
1049
1369
1411
1472
1446
1508
1499
1843
1923
1891
1972
1914
1957
2257
2351
2365
2455
2425
2383
2700
2826
2711
2822
2868
2837
2873
2912
2935
2783
2768
2665
2290
2385
2114
2182
2193
2116
2294
2243
2259
2260
2131
2218
2141
2145
2096
1994
1873
1703
1905
1924
1831
1918
1637
1542
1599
1414
1477
1540
1584
1314
1267
1242
1199
1298
746
743
772
700
530
440
220
446
300
399
401
567
352
557
383
189
336
221
82
127
64
199
1
7
104
137
106
13
138
215
0
0
0
0
0
0
0
0
0
0
0
0
1
0
0
0
0
0
0
0
0
0
0
0
0
0
0
0
1
0
0
0
0
0
0
0
0
43
0
0
0
0
0
0
0
0
0
0
0
0
0
0
0
0
0
0
0
0
0
0
0
0
0
0
0
0
0
0
0
0
0
0
0
0
0
0
0
0
454
444
433
272
323
322
675
720
715
390
750
359
626
663
0
0
0
0
0
0
0
1
0
1
0
0
0
0
0
0
0
0
0
0
0
0
0
0
0
0
0
0
0
0
0
444
386
484
481
507
509
840
856
945
944
935
468
713
597
382
374
201
217
8
278
0
0
0
0
0
0
0
0
0
0
0
1
1
0
0
1
456
476
461
453
495
482
920
903
321
775
919
905
0
602
15
0
0
0
0
0
0
0
0
421
468
482
471
478
499
464
0
0
0
0
0
0
0
0
1
