0
0
477
530
607
722
765
821
849
941
958
1096
1128
1216
1221
1306
1314
1438
1414
1522
1531
1642
1645
1765
1750
1905
1920
2051
2040
2154
2194
2302
2317
2429
2432
2572
2595
2689
2698
2804
2804
2896
2930
2994
3006
3117
3124
3269
3259
3351
3362
3538
3556
3642
3639
3767
3710
3822
3821
3940
3901
3986
4001
4109
4124
4270
4277
4366
4379
4488
4504
4613
4618
4747
4689
4766
4760
4853
4884
4988
4984
5064
5040
5130
5168
5248
5303
5390
5436
5487
5519
5596
5613
5689
5695
5805
5779
5854
5857
5952
5967
6051
6068
6156
6167
6283
6280
6336
6363
6421
6420
6525
6516
6656
6622
6732
6712
6827
6848
6963
6963
7055
7083
7164
7160
7263
7288
7387
7422
7477
7457
7571
7524
7663
7625
7736
7737
7877
7851
7944
7947
8056
8036
8155
8164
8253
8241
8299
8331
8428
8464
8581
8585
8710
8750
8820
8803
8847
8889
8965
9018
9085
9112
9218
9211
9350
9338
9492
9506
9579
9566
9665
9637
9765
9722
9844
9817
9896
9936
10028
10004
10150
10171
10279
10301
10457
10443
10604
10619
10752
10698
10755
10649
10806
10831
10978
11007
11050
11041
11141
11147
11243
11216
11356
11362
11489
11490
11624
11644
11794
11817
11854
11905
11990
12010
12158
12156
12347
12365
12462
12574
12558
12605
12655
12736
12738
12852
12866
12892
13005
13049
13172
13249
13288
13370
13464
13487
13582
13581
13655
13699
13827
13867
13967
13933
13910
13924
13999
14032
14103
14147
14165
14205
14293
14329
14426
14494
14562
14633
14695
14754
14826
14824
14901
14958
14999
15054
15139
15182
15272
15318
15340
15353
15454
15483
15623
15608
15734
15762
15869
15892
15994
16022
16099
16148
16254
16285
16361
16399
16485
16549
16627
16723
16788
16810
16862
16933
16975
17060
17048
17139
17167
17276
17284
17321
17412
17451
17531
17556
17626
17670
17727
17763
17787
17833
17894
17944
17995
18000
18051
18107
18192
18165
18281
18194
18283
18308
18424
18423
18530
18565
18615
18705
18743
18813
18859
18937
18932
19020
19046
19144
19163
19280
19299
19389
19337
19470
19488
19610
19649
19728
19813
19883
19935
20018
20049
20135
20187
20116
20187
20237
20293
20337
20420
20426
20498
20515
20605
20637
20720
20749
20845
20881
20948
21010
21022
21042
21114
21148
21200
21209
21285
21354
21421
21430
21476
21556
21637
21695
21778
21742
21910
21888
21988
21917
22086
22103
22213
22209
22344
22356
22488
22499
22596
22583
22677
22742
22822
22842
22893
23003
23020
23140
23160
23285
23281
23414
23453
23568
23613
23727
23786
23828
23865
23963
24012
24146
24104
24246
24234
24392
24385
24516
24509
24563
24627
24679
24677
24733
24722
24859
24825
24966
25021
25103
25151
25243
25291
25421
25473
25573
25608
25717
25775
25816
25871
25977
26047
26202
26227
26374
26359
26430
26451
26562
26567
26701
26643
26757
26753
26874
26806
26890
26885
26993
26987
27084
27066
27187
27186
27304
27286
27406
27419
27509
27504
27529
27551
27621
27625
27728
27701
27846
27847
27960
27964
28052
28063
28138
28158
28239
28254
28306
28327
28354
28356
28428
28442
28556
28566
28605
28574
28683
28724
28838
28872
28972
28921
29020
28999
29054
29036
29161
29167
29196
29107
29212
29253
29308
29326
29401
29417
29493
29495
29609
29616
29662
29685
29767
29698
29690
29818
29781
29752
29853
29865
29944
29947
30010
29923
29977
29970
30111
30075
30181
30203
30305
30337
30417
30461
30469
30457
30558
30543
30653
30623
30727
30741
30819
30837
30933
30897
30998
30974
31087
31083
31167
31178
31265
31260
31333
31358
31474
31481
31599
31579
31679
31690
31711
31754
31809
31814
31916
31878
31921
31971
32035
32015
32124
32125
32105
32201
32220
32219
32272
32287
32248
32342
32362
32323
32362
32375
32461
32445
32506
32430
32499
32501
32527
32496
32558
32644
32688
32699
32744
32789
32836
32864
32917
32934
33011
33041
33102
33104
33116
33183
33222
33205
33241
33332
33404
33427
33443
33385
33409
33464
33557
33538
33589
33648
33709
33764
33829
33865
33964
34003
34042
33884
33950
33968
34054
33902
33975
34025
33994
33959
33930
34020
34029
34146
34169
34260
34316
34288
34318
34146
33930
34034
33974
34099
34024
34112
34072
34201
34171
34296
34211
34220
34206
34222
34053
34171
34065
34026
34042
34033
34012
34104
34030
34131
33861
33913
33933
33960
33967
33910
33792
33731
33756
33651
33696
33700
33294
33433
33460
32971
32353
31956
30865
29306
