322
288
305
292
308
279
275
277
281
285
278
291
277
281
276
290
274
300
272
272
300
312
301
300
287
284
318
295
297
289
301
285
283
281
288
289
276
279
329
311
302
321
267
267
273
288
283
290
293
305
267
285
288
303
285
285
272
281
283
279
303
293
281
281
273
293
298
295
270
285
275
272
290
296
271
268
272
288
306
305
284
276
277
273
273
288
272
295
274
275
304
290
269
298
280
270
285
302
287
303
290
284
283
292
273
287
293
282
286
278
279
275
270
279
279
281
286
282
267
279
293
273
289
273
291
331
319
286
286
285
271
304
290
286
299
295
287
290
278
280
276
277
273
296
276
276
292
272
291
286
282
276
297
325
338
353
343
295
284
286
281
279
289
270
288
300
279
278
280
275
279
292
282
273
286
284
312
288
290
296
302
293
282
286
276
288
270
286
273
286
273
278
277
270
276
277
293
280
290
285
279
291
288
300
287
293
280
271
290
270
304
276
274
287
274
295
270
272
332
373
337
364
357
338
285
273
268
292
274
280
286
288
274
275
273
296
296
289
291
286
278
282
292
292
293
283
274
273
283
275
286
295
282
271
291
287
291
277
291
277
291
282
276
333
347
320
289
278
273
284
272
293
284
297
311
324
291
314
302
280
286
276
284
279
281
286
280
303
282
290
292
325
321
328
291
308
316
279
286
313
286
278
273
285
297
283
289
267
271
280
275
291
280
277
289
289
293
267
340
323
278
318
295
296
303
293
291
283
281
283
281
279
285
270
292
284
292
299
357
322
278
289
274
283
278
284
270
277
270
276
291
280
290
269
290
296
281
289
269
286
270
288
285
277
276
287
289
279
277
274
307
324
279
282
287
280
278
284
289
275
279
287
285
283
277
273
286
272
280
276
339
354
333
323
285
274
286
281
270
288
308
311
321
322
289
289
275
281
293
285
281
280
291
281
275
278
296
281
288
269
288
288
289
284
269
273
274
282
287
287
280
292
309
294
276
272
293
326
323
335
292
294
294
278
278
286
287
281
281
285
293
270
273
282
274
278
278
272
300
297
297
279
270
287
302
291
288
296
291
274
281
278
279
295
291
288
267
284
276
274
287
289
281
279
274
286
283
284
281
284
274
273
278
306
299
296
292
279
299
272
290
288
276
280
281
281
273
274
270
273
294
291
281
289
278
283
281
293
278
290
286
388
379
360
413
420
399
389
318
277
277
284
290
278
278
297
289
287
275
275
279
290
284
274
274
280
268
290
279
276
313
287
282
281
281
275
293
295
291
273
273
285
268
281
290
289
305
320
303
277
280
296
304
292
297
290
298
288
278
294
275
281
272
302
279
269
288
298
277
277
277
284
284
274
278
272
287
285
280
301
411
408
381
339
302
279
286
293
281
290
286
275
278
279
283
302
288
296
272
286
280
285
288
282
287
281
272
282
275
280
292
280
275
358
346
353
343
286
280
299
304
280
285
291
268
281
296
287
279
271
278
279
275
275
288
287
297
286
284
275
284
277
284
277
286
288
282
279
285
275
285
292
276
269
308
286
293
295
279
278
275
286
272
270
288
282
272
293
282
287
281
284
287
272
281
285
288
292
310
305
295
288
281
280
288
292
293
288
287
276
277
285
281
274
301
274
277
272
268
281
285
279
289
272
268
276
273
303
281
282
273
285
282
290
287
277
286
284
277
273
276
290
270
273
278
278
275
270
293
294
282
285
288
280
275
273
274
290
292
294
277
308
298
287
282
292
283
277
272
274
375
399
395
354
327
397
303
286
276
271
284
293
273
279
277
282
285
280
284
288
297
294
289
292
283
278
279
284
285
287
291
310
308
275
284
276
289
296
300
273
283
289
279
287
290
286
292
320
294
290
289
293
293
268
286
283
272
289
278
275
278
288
274
275
282
290
294
287
269
277
277
274
279
289
286
272
279
272
303
306
283
276
285
276
290
280
279
278
275
292
277
274
275
298
266
285
296
272
285
289
283
284
277
291
289
288
306
275
275
270
290
283
281
287
273
282
286
280
284
282
293
296
295
301
316
314
321
307
276
276
287
289
294
292
290
283
287
279
273
290
283
292
276
290
302
294
270
302
293
290
292
269
290
281
268
289
274
294
288
272
283
273
275
299
285
277
275
289
286
279
271
290
276
274
288
273
268
284
289
294
285
277
282
278
282
275
297
289
287
290
270
297
290
291
291
285
276
302
322
326
327
299
295
298
296
290
282
272
295
291
299
309
299
298
297
298
289
295
288
303
291
290
297
295
291
292
294
291
290
296
