0
0
0
1
0
0
1
1
0
4
25
0
0
0
0
1
0
0
0
0
1
0
0
0
0
0
0
0
1
1
0
0
0
0
0
0
1
0
1
0
0
0
0
449
268
0
0
28
131
515
951
942
983
1502
1535
1517
1490
1723
1755
1344
1266
1491
1491
1390
1028
1310
1297
1343
1387
2024
1436
1436
1709
1457
1145
1075
245
490
0
0
0
0
0
0
0
0
0
0
0
0
276
441
0
0
0
6681
6544
6432
5013
5524
8353
6700
7019
7323
6621
9223
8678
9114
9218
8614
10629
9604
9886
10683
10032
13660
13617
13717
13452
13206
13195
12058
12278
12883
12595
13256
12444
12009
12009
12219
12467
12026
12057
12000
11839
11647
11694
10865
10190
10487
10604
10568
10788
10070
10362
10357
10329
10467
10848
11072
11078
11079
11079
12299
11783
11757
11614
12809
12808
12424
12391
12658
12848
11684
12391
12392
12277
11484
11281
11534
10809
10894
10975
11194
10743
10619
10781
9396
10253
9687
9198
9440
9318
9111
9341
9111
8365
8365
8734
8981
8694
9788
10449
10051
10868
10286
10493
9676
10274
10891
11099
10879
10808
12828
12332
12420
10269
15861
15903
16094
15928
16184
16691
16416
16588
16568
17176
17091
16929
16930
16253
15982
15530
15306
14855
15224
13888
14092
13593
13853
13626
13499
12844
12888
12488
12460
12460
12403
12730
12359
12285
11877
11965
11590
11635
11686
11716
11360
10877
10847
10543
10579
10461
10175
10466
9262
9700
9610
9930
9591
9523
8173
9035
8835
8117
7957
7595
7038
6567
6507
6761
6730
7354
6959
7027
7010
6365
6717
6717
6353
5704
5389
6407
5042
5152
4413
4704
4092
3761
3359
3402
3500
3488
3781
3359
3361
3383
3092
3119
3294
3392
2934
2913
2709
2299
2107
2237
2294
2319
2529
2517
2452
2307
2344
2316
1334
1913
641
394
407
1
0
0
188
0
1
0
0
536
537
551
551
574
702
708
690
200
716
246
359
236
359
0
0
0
0
0
0
0
0
0
0
0
0
0
0
1
0
0
1
1
0
0
0
0
0
0
0
0
0
0
0
0
0
1
0
0
0
0
0
0
0
0
0
1
1
0
0
1
0
0
0
0
0
1
1
1
0
0
0
1
1
0
0
0
0
0
0
0
0
0
0
0
0
0
1
0
0
0
0
0
0
0
0
0
0
0
0
0
0
0
0
0
0
0
0
1722
1847
1853
121
1432
1446
969
264
1519
1500
1754
402
79
58
194
403
0
1
0
0
1
0
0
0
0
0
0
2048
2040
1232
226
11
2528
2513
2037
2034
2097
7024
4099
9458
9566
9734
9366
9734
9681
9751
9334
9360
9366
8581
7399
7397
7347
7350
8474
9680
10429
10034
9543
9852
9851
8705
7916
7916
8053
8053
8074
7537
7540
8116
8096
8067
7848
7945
7393
6598
7223
7327
8156
6237
6172
5589
5556
6481
6375
6006
6159
6096
6473
5620
5632
6727
6727
6727
6727
8651
8665
8665
8204
8172
8665
8623
8643
8877
8574
7554
7862
8067
8842
9151
10224
10492
10240
10424
9663
9587
10030
10798
10156
12383
10249
10044
10504
10382
12934
12844
14981
13918
14262
13934
13933
13677
13761
13679
12948
12934
13455
13457
13434
13974
13381
13102
16364
16430
16653
16704
17235
17712
17320
17034
17087
17571
17878
17575
17890
17123
17124
17353
17932
16801
17316
17126
16390
16463
15599
15568
15926
16498
16499
15712
15676
15591
16010
16594
16597
16607
15567
16311
16148
16132
16527
17912
17912
18191
17877
15986
18374
18467
18089
18089
17870
19034
19982
19497
18999
19486
19852
20004
18764
18992
18320
17937
17937
17906
17968
18043
17848
17611
17647
17649
17566
17574
17514
17512
17480
17525
17423
17168
17168
16825
16037
16100
16439
16387
16701
15550
16184
15550
14818
15121
15557
14671
14675
14195
14882
14764
14766
13619
13852
14325
13487
13354
13265
13263
13039
13281
12654
12804
12841
12677
12729
12425
12118
12043
12140
11545
11521
11535
11148
10819
10849
10861
10540
10407
9912
10207
9677
9677
9518
9363
9098
9452
8797
8453
8517
8114
8550
8126
8168
7415
7500
8270
8191
8251
7680
7651
7530
7530
7381
7118
7027
6674
6510
7173
6340
6235
5869
6178
5537
5623
5278
4962
4754
4754
4167
4207
3786
4055
4209
3430
3484
3610
3611
3842
3654
3664
3359
3505
3524
3036
1780
2141
2109
2778
1768
1576
1070
2072
897
563
260
0
0
0
1
0
0
0
0
0
0
0
1
0
0
0
0
0
0
0
0
0
0
0
0
0
0
0
0
0
0
0
0
0
0
0
0
0
0
0
0
0
0
0
0
0
1
0
0
0
0
0
0
0
0
0
0
0
0
0
0
1
1
0
0
0
0
0
0
1
0
0
0
0
0
0
0
0
0
0
0
1
0
0
0
0
0
0
0
0
0
0
0
0
0
1109
1095
1081
1108
1528
2023
1827
1827
1164
1274
1353
1607
1516
2058
3634
2770
2809
2775
3384
2960
3281
2980
4185
3689
2980
2610
1460
1918
1975
2197
2192
1168
1803
1951
2189
2052
1481
1177
966
1287
1287
966
1315
1353
0
1077
631
38
0
0
0
0
0
5
304
305
58
36
0
8
190
0
1
1
1
0
0
1
0
1
0
0
0
0
0
0
0
0
0
0
1
0
0
0
0
0
0
0
565
42
0
0
0
0
0
0
0
0
1
0
0
0
0
0
1
0
0
0
0
0
0
0
0
0
0
1
0
0
0
1
0
0
0
0
0
0
0
0
0
0
1
0
0
0
0
0
0
0
1
