196
187
199
117
122
139
136
118
146
112
112
117
115
110
122
117
116
117
116
122
142
118
111
105
115
104
141
115
118
116
113
141
135
103
123
116
118
116
130
127
121
119
115
115
147
122
123
115
115
142
145
143
113
133
131
148
137
126
123
117
119
110
123
116
117
124
121
145
154
157
155
121
126
119
127
119
129
124
128
121
118
118
129
126
127
119
132
125
119
112
120
123
120
126
136
131
135
156
140
148
155
139
121
119
118
117
120
125
121
117
129
127
134
133
133
131
141
137
137
127
129
126
127
119
124
146
145
143
139
125
118
126
124
112
118
116
120
121
120
129
127
128
120
115
122
119
126
123
119
122
120
114
120
120
128
118
140
135
136
134
123
114
136
131
132
119
115
111
122
120
124
119
121
118
113
124
117
119
119
117
120
118
119
119
121
118
128
124
132
128
128
122
115
128
125
130
127
122
119
122
118
121
122
121
120
128
125
120
122
112
125
121
130
125
119
122
114
124
121
115
129
123
121
136
133
132
127
122
119
131
122
122
131
122
121
119
119
133
129
128
126
128
124
126
122
134
133
127
127
126
121
128
123
120
119
122
127
122
126
120
116
120
122
120
123
123
124
118
125
122
120
117
125
127
121
110
120
123
125
125
124
114
117
118
122
123
116
109
127
121
119
127
124
121
121
120
121
126
130
130
126
121
121
116
120
123
121
115
118
124
125
119
119
117
117
116
111
122
115
117
125
123
128
122
126
121
129
126
126
119
149
150
163
165
148
120
132
126
122
112
120
129
128
120
116
119
137
134
134
128
121
114
114
123
117
118
127
124
128
122
119
120
125
117
127
120
123
121
130
125
121
125
131
141
147
143
137
112
124
123
114
125
125
118
116
126
121
123
120
121
120
121
122
114
127
120
123
118
119
119
118
118
123
124
124
125
119
112
119
125
119
119
128
124
118
120
112
124
112
128
124
126
123
127
121
121
123
122
111
124
124
119
118
132
125
126
126
111
129
124
130
129
121
128
122
118
119
126
123
118
118
125
118
129
124
120
122
136
130
130
125
113
126
121
120
128
120
126
123
122
121
122
122
116
120
119
120
129
125
120
128
130
130
134
136
136
133
115
123
120
118
120
118
129
123
123
126
120
122
114
119
117
119
122
127
123
115
114
112
127
135
132
126
120
128
114
116
117
119
115
129
124
123
120
127
121
118
128
124
119
113
127
125
125
120
120
118
127
122
118
129
125
116
114
128
120
135
130
126
117
123
115
113
121
121
127
124
127
129
121
124
118
119
118
119
116
112
131
126
116
117
116
119
120
112
111
116
123
114
131
127
127
120
125
119
124
110
117
110
120
128
126
124
126
114
123
119
124
113
118
122
127
127
125
125
125
120
120
122
127
120
136
132
136
129
124
118
122
127
129
134
133
118
116
120
122
115
117
118
121
141
139
138
129
133
131
131
122
128
129
128
125
119
115
114
110
118
126
135
131
130
120
125
120
122
128
122
122
117
121
123
126
125
121
125
117
129
125
124
121
120
119
121
119
120
128
124
121
120
124
120
125
129
133
133
119
122
120
111
121
128
122
118
138
133
133
131
127
121
117
126
121
121
119
119
120
118
115
123
125
117
119
118
114
119
139
136
141
140
131
121
129
124
126
119
115
117
116
109
109
124
116
124
126
118
119
146
144
144
142
119
120
117
118
128
123
127
126
115
129
125
127
134
123
121
131
134
140
139
134
118
128
124
138
134
131
134
132
126
125
116
136
135
134
115
128
124
145
143
143
142
121
120
108
108
119
129
123
119
117
124
119
121
115
127
121
129
125
122
124
119
118
118
124
123
119
120
127
123
120
125
127
123
121
118
119
115
119
136
131
132
128
117
118
123
118
116
126
120
125
118
128
120
129
127
129
124
125
118
120
114
122
117
121
120
118
117
117
120
115
123
116
126
121
128
122
130
126
123
116
115
137
133
134
119
105
105
105
105
129
122
122
124
124
120
116
118
120
117
126
119
120
135
131
132
125
132
129
125
124
122
119
132
131
123
145
142
140
134
123
120
125
116
116
120
129
125
107
119
135
132
132
125
125
114
114
117
117
117
122
121
112
113
120
125
126
118
117
117
122
127
123
116
121
110
110
118
123
118
112
117
123
126
125
116
126
130
129
114
111
132
125
128
124
112
127
120
124
121
119
122
120
116
123
135
144
148
138
132
135
105
105
105
121
119
114
114
106
136
142
115
113
115
118
152
123
122
112
101
112
114
118
114
115
117
103
103
117
118
102
106
102
118
115
109
111
109
110
107
106
115
121
114
119
98
104
103
115
115
120
109
118
111
114
101
101
118
115
116
119
116
111
106
105
103
118
122
121
116
106
121
107
111
103
103
108
117
113
111
114
115
109
106
124
116
127
122
112
108
107
106
122
106
102
118
116
117
129
125
130
126
127
119
120
112
128
126
115
99
100
123
117
130
126
124
105
116
115
115
108
110
118
101
108
121
108
135
132
129
106
109
109
107
106
106
114
111
106
106
106
127
125
103
122
117
117
119
117
115
120
106
125
124
128
117
106
132
128
121
115
112
110
108
110
107
106
110
105
111
108
106
107
116
111
108
102
107
118
114
115
109
106
103
109
114
105
107
111
123
122
109
103
102
117
111
114
111
109
104
105
108
108
108
101
104
108
102
119
118
119
117
109
125
126
126
108
108
109
112
114
120
109
110
128
131
131
146
136
132
114
110
121
124
114
109
117
116
118
122
119
111
124
108
109
110
104
118
113
106
105
108
114
119
117
112
99
115
109
114
105
105
114
115
116
106
122
117
107
107
103
110
111
113
116
110
105
109
118
115
107
