189
150
134
134
161
125
126
117
126
134
124
142
125
128
125
130
123
141
137
126
123
126
128
140
132
137
125
127
125
141
134
124
134
128
135
150
148
133
125
135
132
146
124
127
129
123
119
147
125
131
135
123
123
142
133
123
127
123
134
129
136
126
129
125
129
125
129
127
126
123
124
149
138
136
130
129
127
126
146
133
130
126
135
136
138
133
128
130
120
127
130
136
126
141
131
118
123
139
132
130
122
129
127
140
130
126
136
135
129
127
128
128
126
128
126
132
140
130
131
133
125
129
127
131
127
