333
333
322
293
311
335
316
312
289
295
306
316
308
292
295
301
288
318
326
307
305
286
319
306
307
318
288
289
303
309
306
293
293
293
298
289
309
308
311
289
282
300
311
301
289
299
330
318
319
318
295
284
294
291
288
314
323
312
293
308
292
321
304
305
296
299
318
323
324
302
296
295
292
308
298
292
289
297
287
328
313
308
295
287
304
310
317
304
292
309
295
313
299
297
335
344
318
333
323
291
323
299
289
305
293
292
303
293
290
301
296
289
302
294
307
308
293
310
291
309
306
301
302
320
306
289
297
290
303
292
294
340
305
294
302
300
295
321
308
291
296
308
315
290
290
306
295
296
290
295
289
304
294
295
296
311
297
300
295
293
297
297
288
305
325
344
335
320
347
412
438
477
453
494
484
462
340
378
330
307
293
297
300
308
362
373
389
389
372
381
349
316
286
301
291
302
294
297
304
315
319
301
307
295
342
292
293
442
449
393
400
419
389
301
289
295
304
300
296
293
295
301
296
306
298
295
315
298
305
306
297
297
294
317
302
303
290
311
296
305
296
296
311
309
300
309
312
300
293
304
288
310
293
286
298
312
307
305
303
381
361
378
302
306
295
306
295
297
289
299
291
290
309
307
305
304
315
303
358
356
375
337
343
318
294
290
304
287
317
307
302
311
300
298
292
291
295
286
307
308
297
314
310
288
312
307
309
302
309
293
289
307
291
288
299
292
311
298
307
297
301
292
305
305
306
289
315
296
300
344
408
363
357
374
328
322
327
318
321
331
325
347
348
341
334
316
296
293
303
310
298
286
297
301
290
306
289
307
299
310
313
299
291
301
297
304
307
302
294
323
287
295
288
309
302
294
290
308
303
301
313
301
303
303
313
302
311
318
308
288
300
301
301
320
310
297
302
286
303
306
300
311
292
300
312
290
292
291
306
303
289
308
288
301
306
291
302
285
316
311
301
298
292
304
305
310
288
292
311
307
307
303
289
292
292
290
297
307
309
287
307
314
307
307
293
290
287
290
301
292
298
294
312
303
308
301
310
301
295
290
292
291
293
299
302
311
317
319
310
302
294
298
309
302
309
289
290
288
326
310
304
300
311
303
299
297
289
289
298
303
316
315
316
304
302
296
292
315
306
315
307
308
324
332
321
329
317
293
301
299
299
304
301
304
323
310
309
308
304
293
294
302
288
309
303
303
307
293
291
312
323
315
325
306
309
304
302
304
298
293
286
299
301
299
295
288
317
293
294
293
300
298
295
293
292
311
306
299
306
298
293
301
296
300
299
288
304
298
291
306
288
313
283
309
314
296
297
293
295
300
308
300
294
292
318
303
308
310
298
299
294
302
299
300
297
302
303
300
296
316
320
309
306
319
296
288
305
304
311
302
303
286
287
291
338
307
299
293
311
330
329
351
344
313
294
299
322
308
312
299
307
301
294
290
288
301
289
295
295
286
292
296
318
295
291
298
300
307
296
298
292
293
302
295
293
308
296
298
295
297
309
297
301
297
294
292
338
339
364
352
342
313
306
311
323
336
360
360
308
298
325
307
305
308
306
297
310
306
318
307
307
288
304
328
304
307
303
300
299
297
308
334
336
345
358
358
302
315
297
312
293
294
312
316
316
306
312
324
319
309
307
308
302
299
300
294
294
293
295
298
302
290
296
315
309
309
313
305
305
295
290
295
295
295
291
289
305
301
296
305
313
288
292
305
285
302
292
304
306
298
301
297
298
309
314
314
300
298
301
315
299
297
300
312
290
291
292
311
299
286
302
297
297
301
313
292
285
304
295
296
297
297
300
285
287
313
304
289
291
291
306
300
304
307
302
292
289
289
319
322
314
305
296
291
301
316
295
312
302
294
306
309
304
288
306
316
304
306
305
296
293
294
298
316
309
311
295
295
290
305
301
290
302
293
302
291
314
311
304
308
296
291
287
296
291
290
288
291
307
297
295
293
305
310
289
288
300
305
288
300
300
304
303
293
291
303
298
287
308
300
293
307
298
313
302
303
306
344
326
341
326
340
302
292
284
314
312
304
288
293
298
300
303
287
306
302
304
302
291
308
311
307
287
303
292
313
290
313
306
311
301
310
289
299
289
300
305
315
310
303
288
304
289
288
289
302
292
307
313
289
288
304
300
295
305
306
292
292
309
291
311
304
324
306
295
286
306
308
309
302
290
310
307
322
291
308
300
290
320
315
309
305
293
343
334
315
308
307
308
312
292
311
288
293
310
308
316
298
307
290
313
305
310
309
310
304
306
306
323
310
