328
329
297
289
284
313
317
295
289
285
292
305
294
287
283
287
274
293
296
280
276
280
364
381
344
337
315
302
277
297
317
293
297
297
279
299
296
287
292
303
293
284
305
310
299
286
292
291
302
303
277
283
277
292
286
307
281
283
279
281
298
295
295
286
279
286
274
304
311
291
288
281
301
305
310
282
303
303
337
328
329
324
286
277
287
280
300
283
282
285
282
290
303
285
287
301
294
278
292
280
292
285
284
296
288
285
306
339
319
326
341
327
312
336
313
333
363
329
346
329
309
293
290
301
284
308
310
313
306
306
295
296
279
286
272
292
296
293
302
288
282
293
293
293
300
282
282
288
275
275
304
283
283
280
296
295
280
284
305
289
296
329
388
396
397
420
401
415
357
380
337
367
280
352
355
366
373
413
300
304
315
316
291
294
281
278
288
279
296
279
285
299
315
303
302
281
296
278
301
291
285
292
297
301
303
291
296
298
281
281
290
276
275
310
286
280
286
289
282
291
280
291
299
304
298
294
290
305
277
312
303
295
282
296
290
300
287
328
368
392
393
366
380
303
284
292
287
287
301
287
288
306
282
281
286
293
285
297
298
287
289
287
361
346
345
346
329
319
299
296
286
277
290
305
314
295
299
289
287
293
301
317
336
328
330
347
309
289
303
305
289
284
301
288
292
286
294
289
286
288
290
286
285
291
288
332
330
324
331
318
301
295
297
293
287
301
288
296
289
293
301
291
298
302
291
286
293
287
290
286
292
281
297
286
298
303
313
324
305
305
297
300
292
296
295
292
291
285
291
293
290
288
289
283
300
283
286
299
299
295
297
302
296
292
300
304
301
293
291
298
302
297
289
292
303
293
281
294
301
297
301
299
290
284
285
288
288
288
298
310
293
303
301
291
280
283
293
293
294
295
294
294
284
287
287
292
301
290
295
293
299
305
307
306
298
301
299
296
295
292
294
292
290
295
311
285
284
287
291
284
286
289
288
280
310
298
288
283
297
290
286
292
286
283
291
288
314
308
323
320
310
293
303
297
299
300
288
287
287
287
291
290
279
309
295
298
300
298
295
303
298
285
282
288
303
299
295
296
290
280
287
288
301
294
295
293
299
284
300
309
302
298
282
291
295
281
295
293
277
295
291
294
303
305
293
292
296
295
283
278
293
282
285
345
335
318
340
320
280
305
291
289
289
280
292
296
289
291
293
282
298
286
290
286
285
291
289
285
290
281
279
283
288
285
296
289
297
292
295
279
283
284
282
292
294
288
284
281
278
288
284
286
279
281
281
280
291
289
300
291
289
289
315
312
320
297
319
303
295
314
297
298
289
296
284
297
291
284
280
299
305
301
300
308
297
287
282
277
283
284
291
291
288
289
287
285
284
295
278
290
279
281
275
317
327
321
308
292
284
294
296
276
285
283
283
286
303
279
279
290
284
289
276
282
279
279
287
296
287
293
309
295
303
301
294
289
279
288
273
279
292
283
277
280
285
297
290
291
281
294
280
284
286
285
280
339
340
335
324
345
346
296
288
281
296
323
292
302
309
305
279
292
297
298
283
279
295
289
288
285
292
292
304
296
280
325
311
338
324
335
306
277
297
285
288
283
285
297
284
292
299
282
291
298
281
296
300
307
323
302
274
297
290
306
303
318
342
430
393
449
412
426
435
365
353
388
334
320
315
292
294
282
295
297
286
280
284
286
281
285
285
283
278
290
279
286
283
294
292
286
285
286
284
290
283
280
279
302
301
308
301
315
295
290
281
280
288
286
315
342
346
368
338
316
277
288
294
290
292
301
278
290
301
292
278
284
281
277
304
279
282
281
284
293
288
288
298
297
293
287
292
288
289
293
300
308
308
308
300
349
350
348
340
321
327
301
304
300
296
301
311
297
294
309
292
292
282
291
284
280
289
280
286
281
303
322
340
362
394
403
429
394
373
347
295
286
290
288
291
303
300
288
279
288
305
286
280
284
279
279
295
280
277
296
278
298
288
283
286
298
297
287
274
298
287
290
289
301
289
295
289
282
294
276
280
288
282
283
279
303
290
289
294
285
281
279
292
284
275
299
292
288
307
290
280
295
308
297
304
295
278
296
282
285
284
281
283
286
279
281
277
299
279
284
295
308
279
287
288
284
281
290
288
299
295
283
288
291
289
278
284
285
295
303
278
304
286
281
298
284
284
280
279
292
296
300
295
313
332
330
326
323
303
290
285
308
301
301
298
308
285
285
283
285
291
275
289
302
279
288
278
301
276
291
280
300
305
280
291
291
276
297
289
289
285
322
311
346
336
312
342
283
275
277
305
279
297
279
299
281
280
286
292
302
297
279
282
292
296
282
282
299
284
289
283
287
278
287
286
290
275
291
286
290
291
299
283
274
296
286
283
300
281
300
297
296
283
281
295
298
292
287
292
294
293
297
292
287
285
289
295
278
293
280
278
293
285
285
298
298
293
288
282
288
286
295
289
285
298
294
287
279
297
289
298
294
311
306
274
276
295
283
276
293
298
296
291
277
294
276
275
291
276
290
284
285
292
284
275
293
282
295
377
384
428
430
419
415
308
312
286
281
287
290
294
288
289
273
282
285
283
281
301
291
285
294
301
289
284
291
288
297
296
294
281
275
288
280
301
300
297
298
279
279
291
278
307
284
285
292
292
280
291
300
296
294
286
289
282
280
296
286
297
322
290
313
290
278
297
299
298
301
299
296
302
290
278
301
290
283
293
307
293
297
303
313
306
288
283
276
295
310
299
298
275
293
287
307
296
296
287
289
301
293
297
298
302
295
298
290
299
301
288
289
298
303
292
277
302
296
296
298
281
297
302
295
299
295
290
297
