0
0
0
0
0
0
0
0
0
0
0
0
1
0
1
0
0
0
0
0
0
0
0
1761
929
980
1076
2373
2373
2359
2601
2886
2917
2767
2808
2746
2544
2279
2548
1936
1894
2116
2062
2026
1989
2382
2685
2800
2170
2490
2293
2297
2299
1771
1751
2117
2024
1675
1682
1656
1657
1673
1612
1378
1645
1403
1382
1599
1559
1303
1294
1384
1378
1302
1117
980
944
1047
1018
784
966
502
565
629
555
253
253
250
495
517
182
392
159
8
0
0
0
1
1
0
0
0
0
0
0
0
0
0
1
0
0
0
0
0
0
0
0
0
0
0
0
0
0
0
0
0
0
0
0
0
0
0
0
0
1
0
0
0
1
1
1
1
0
149
192
0
197
193
196
86
79
0
0
0
0
0
0
0
0
0
0
0
0
0
0
0
0
0
0
0
0
0
0
0
0
0
0
0
0
0
0
0
0
0
0
0
0
0
0
0
0
0
0
0
0
0
0
0
0
0
0
0
0
0
0
0
0
0
0
0
0
0
0
0
1
0
0
0
0
0
0
0
0
0
0
0
0
0
0
0
0
0
0
1
0
69
140
135
141
138
154
205
282
77
110
0
0
0
0
0
0
0
0
0
0
0
0
0
0
0
0
0
0
0
0
1
0
0
0
1
0
0
0
0
0
0
0
0
0
0
0
0
0
0
0
0
0
0
1
0
1
1
0
1
0
0
0
0
0
0
0
0
0
0
0
0
0
0
0
0
0
0
0
0
0
0
0
1
0
116
120
0
149
160
153
0
81
0
0
0
0
0
0
0
0
0
0
0
0
1
0
0
1
0
0
0
0
0
0
0
1
0
0
0
1055
897
1083
1155
2090
1817
1880
1686
2184
2184
2184
2184
2977
3153
2923
2503
2821
2741
1742
1771
1961
2077
4033
3751
2866
3196
4732
4817
4873
4873
4755
5385
5338
5848
5560
5956
6051
6008
5267
5411
5615
5597
6879
6565
6905
6904
6785
6503
6791
6782
6755
7410
7410
7410
7366
7289
7296
7301
7274
7429
7787
7650
7702
7813
8292
8293
8011
8292
9441
9636
9459
8050
8252
9766
10032
10032
10385
10032
9859
10135
10135
10169
10179
10040
9724
10037
9985
9983
9885
10777
10364
10107
10521
10326
12541
12378
12413
12422
12419
12255
12251
12265
12195
12417
12051
12536
12183
12026
11996
12114
12087
12052
12041
12539
12454
12578
13356
13073
13386
13388
13382
13382
13343
13428
13082
12861
12729
12719
12707
12687
12792
12693
12648
12705
12810
12810
12323
12509
12394
12645
12637
12955
12910
13005
13060
13051
12785
12780
13080
13280
12869
13001
12982
15011
14362
14581
14665
15230
15230
15243
15243
15243
16230
15823
15789
15760
16041
18632
16987
16685
16368
18802
18865
18586
18624
18568
18657
18323
18316
18353
18040
18130
18080
18077
18438
18443
18095
18095
18161
18369
18410
18148
18786
18395
18393
18040
18585
18833
18793
18873
18381
18391
18353
18123
18123
18123
18698
18516
18516
18829
18587
18854
18852
18827
18855
20509
18501
18992
18940
18952
20813
20576
21018
21187
20577
20933
23166
23051
22703
22696
23287
22697
23074
23064
22528
22581
22687
22515
22535
22420
22218
21902
21969
22000
22022
21893
21945
21765
21798
21389
21360
21703
21453
21468
21161
21580
21189
21189
21161
21082
21286
21251
21251
21207
21378
21324
21317
21261
21607
21608
21324
21391
21593
21608
21608
25179
24901
23377
25581
25748
25860
25845
25834
25834
25824
25949
25950
25950
25564
25876
25807
25833
25753
26327
26127
25589
25990
26196
25990
25411
25251
24938
25314
24743
24938
24729
24641
24556
24098
24076
24270
24218
24236
24326
24264
24264
24222
24315
24473
24406
24085
24008
23978
23820
23798
23798
23808
23793
23743
23449
23461
23449
23449
23575
23572
23442
23443
23457
23251
23328
23521
23141
23014
22961
23213
23501
23430
23153
23170
23164
23112
22764
22798
22888
22916
22941
22529
22549
22596
22688
22619
22131
22112
22119
22119
22186
22435
22254
22206
22136
22003
22006
22091
22107
22059
21776
21853
21480
21724
21725
21711
21671
20938
21186
21229
21806
21519
21282
21306
21315
21243
21242
21147
20799
20983
20960
20983
20716
20155
20131
20133
20082
20086
20110
20139
19944
19962
19995
19996
19993
20144
20143
19918
19689
19202
19213
19314
19312
19313
19320
19036
19116
19101
19177
19167
19140
19162
19089
18598
18756
18670
18297
18460
18621
18598
18188
18301
18613
18586
18707
18513
18550
18295
18301
18332
18254
18349
18327
18301
18351
18323
18499
18594
18223
18222
18214
18207
18594
19321
19459
19445
18446
19909
19967
19853
19853
19850
20166
20050
20026
20437
20052
20200
20395
20060
19883
19769
19947
19891
19863
19720
19809
19384
19509
19738
19507
18901
19245
19124
19349
19185
19158
19012
19108
19081
18655
18965
18960
18925
18861
18531
18494
18195
18205
18241
17800
17831
17888
17936
17852
17891
17915
17947
18011
17613
17787
17913
17848
17856
17987
18031
17868
18079
17872
17473
17762
17472
17564
17488
17410
16593
16566
17173
16827
17293
16740
16735
16865
16664
16663
16664
16564
16716
16708
16708
16676
16716
16706
16705
16539
16559
16558
16574
16557
16489
16529
16433
16416
16450
16206
16204
16280
16259
16025
15982
15900
15887
15834
15745
15761
15755
15882
15809
15763
15965
15951
15882
15905
15859
15724
15722
15717
15660
15756
15752
15609
15475
15248
15055
15052
15110
15081
14887
14968
14886
14962
14962
14758
14987
14567
14990
14565
14460
14425
14455
14119
14509
13979
14145
13866
14210
14189
14579
14349
14192
14250
14134
14061
13948
14039
13978
13853
13904
13984
13412
13528
13422
13461
13269
13275
13109
13097
13041
13070
13027
13071
12815
12907
12810
12901
12850
12864
12802
12691
12511
12758
12562
12585
11930
12537
12559
12049
12566
11886
11941
11865
11946
11936
11973
11934
11897
11345
11326
11327
11791
11671
11238
11237
10746
11052
11276
9900
9901
9728
9963
9383
9383
9904
10087
10086
9274
9273
9288
9754
9575
9288
9300
8934
9008
9083
8246
8640
8295
8694
8758
8544
8680
8632
8771
8567
8629
8376
8460
8461
8152
8182
8187
8181
8207
8070
8090
8014
8156
8112
8183
8194
8189
8124
8070
8013
7845
7734
7702
7720
7764
7713
7642
7367
7263
7237
7289
7327
7349
7217
7145
7084
7017
6880
6936
6942
6930
6823
6863
6681
6596
6664
6355
6289
6249
6279
6040
6181
6104
6069
6083
5953
6018
5940
5922
5904
5823
5800
5752
5745
5519
5516
5602
5778
5769
5437
5478
5418
5330
5080
5080
4511
4603
4517
4558
4864
4993
4585
4669
4668
4616
4687
4668
4703
4588
4604
4673
4427
4506
4616
4684
4762
4819
4854
4734
4679
4516
5615
5610
4852
6107
6039
6362
6785
6580
6725
6743
6365
6612
6285
6392
6313
6282
6426
6715
7436
7252
6802
7042
7001
7088
7362
7291
6991
7303
7271
7281
7077
7104
7125
6933
6824
7105
6918
6891
6926
6926
6933
7941
7896
8614
8564
8231
8256
8627
8614
8433
8386
8488
8467
9721
9741
9722
9295
8990
8996
8600
9040
9121
9397
9336
10097
10127
9747
9627
9628
9923
10111
11338
10569
11044
11033
11139
11081
11475
11472
11473
12243
11862
11955
11620
11630
11439
11439
11776
12551
12407
12262
14478
14508
14507
14583
14622
14709
16054
15826
15822
15823
16060
16065
16620
16617
16659
16659
16416
16376
16361
16584
16560
17379
17243
17446
17210
17260
17288
17260
17447
17158
17778
17163
17951
17910
18759
18695
19743
19755
19721
19576
19576
19755
19743
20249
20279
20289
20289
21826
21535
20697
20608
22492
22836
22836
22381
22662
22573
22573
22562
22296
22221
22134
22299
22192
22718
22238
22213
22444
22442
21865
24817
24812
24111
24094
24063
24032
25950
25951
27763
27774
27812
27774
27774
27774
30411
30446
30531
29854
29864
29864
29864
29841
29514
29555
29555
29553
29555
30166
30313
30430
29731
30354
30231
30233
30584
29505
29668
29505
30356
30616
29500
29933
29933
30382
30359
30422
29975
29910
30372
30357
30368
32866
32270
30314
30310
30310
33185
33385
33256
33634
32998
33008
33004
32998
33643
32978
33053
33237
33176
34001
34002
34763
34001
34001
34196
34187
34182
34173
34072
34981
35846
35885
35656
34939
34944
34834
34827
35676
35723
35191
35190
35190
38213
37939
37835
37074
37066
36967
36967
37710
37903
37802
37939
37959
37964
38324
38135
38095
38387
38452
38219
38421
37981
38439
39179
38875
38877
38877
38877
39248
39219
39600
39619
39640
39559
38354
38386
38456
38490
38539
38549
38571
38580
37733
37779
37951
37848
37824
37838
37838
38207
37894
37870
37810
38320
38048
37865
37916
37557
37558
37557
37735
37738
37568
37556
36606
37553
36689
36681
36759
36794
36793
36837
36962
36947
36696
36917
36863
36506
36585
36581
36584
36584
36509
35734
35768
35772
35772
35772
35808
35921
35922
35879
35881
35922
35891
35191
35190
35961
35190
35194
35267
35313
35338
35295
34957
34341
34368
34368
34368
34392
34386
34526
34395
34529
34418
33994
33919
33740
33846
33855
33854
33379
33379
33342
33353
33353
33430
33457
32634
32653
32674
32682
32708
32140
32240
32261
32302
32317
32331
32257
31622
31635
31680
31696
31688
31858
31778
31813
31819
31700
32065
32408
32440
31764
31770
31777
31764
32015
31948
31948
32132
32132
32156
32156
31915
31909
31159
31160
31201
31200
31255
31274
31337
31337
31201
30580
30823
30712
30712
30667
30647
31240
31210
31307
31144
31286
30763
31192
31170
31144
31205
31205
31205
31185
31045
31237
30597
30571
30844
31031
31011
30895
30762
31058
31272
30932
30784
30784
30440
30568
30571
30268
29738
29439
29477
28805
28801
28805
29486
29318
29015
28617
29068
28162
28218
27902
28139
27959
27959
27975
27869
27696
27713
27764
27444
27205
27204
27750
26944
27142
27280
27079
27079
27153
26588
27032
26648
26644
26606
26493
26602
26604
26475
26068
26276
26068
26081
25737
25835
25837
25823
25811
25318
25330
25334
25359
25433
25076
25385
24419
24744
24419
24530
24349
24461
24048
24107
23964
23822
23822
23560
23486
23486
23422
23596
23181
23127
23431
23349
23823
23207
22693
22693
23042
22805
22811
21940
21940
22761
21940
21607
21608
21609
21928
22043
21807
21863
21632
21399
21253
21317
21228
21228
21228
21817
21746
21557
20997
21239
21413
20725
20221
20622
19895
20240
19844
19821
20022
20007
19879
19879
19812
19897
20020
20008
20009
19993
19733
19623
19622
19542
19608
18888
18790
19316
19349
19350
19009
19009
19093
19093
19018
19167
19292
19218
18879
18866
18878
18878
18767
18777
18596
18620
18620
18806
18654
18224
18275
18223
18359
17867
17961
17591
17598
17592
17593
17507
17392
17514
17502
17514
17520
17104
16611
17377
16840
17278
16714
16703
16678
16420
16474
16379
16493
16315
16486
16236
16199
16224
15917
15834
16009
16268
16269
15897
16076
16103
16243
16108
15352
15384
14826
15281
14663
14727
14462
14522
14413
14526
14133
13709
13630
13888
14155
13928
13692
13656
13981
13958
13749
13554
13555
13344
13528
13407
13294
13305
13288
13553
13470
13361
13292
13485
13181
13106
13138
13082
13155
13100
12863
12611
12644
12631
12298
12437
11936
11836
11655
11497
10828
11013
11490
11148
11563
10990
10944
11007
11070
11109
11052
11031
11049
11092
10721
10913
10773
10652
10687
10643
10492
10459
10671
10475
10437
10528
9853
9763
9404
8771
8851
8888
8821
8931
9000
8964
8929
8980
8976
8623
9027
9054
8305
8358
8326
8423
8197
7852
7417
7878
7878
7718
7326
7301
7332
7322
7625
7633
7594
7458
7472
7087
7497
6930
7126
6993
6812
6111
6313
6583
6468
6618
6341
6420
6340
6231
6182
5774
5936
5747
5618
5218
5469
5207
5174
5073
4729
4801
4660
4410
4412
4481
4525
4555
4350
4584
4385
4410
4401
4419
4457
4468
4219
4140
4091
4075
4094
4035
3915
3927
3707
3634
3602
3678
3466
3138
3234
3452
3489
3457
3222
3184
3075
2818
2818
2641
2694
2857
2869
2780
2697
2648
2509
2540
2451
2165
2333
1945
2080
1922
1924
1202
967
1961
1205
410
392
0
0
0
0
0
0
1
0
0
0
219
402
402
352
351
36
308
770
405
406
395
386
434
236
433
2043
1859
1834
1819
1886
1544
522
520
515
1685
1683
3705
3691
3610
3565
2932
3302
2902
3282
3626
3754
3666
3755
2894
3756
3833
3578
4231
3448
3634
3496
3448
3448
4231
4476
4313
4369
4383
4112
4806
4793
5121
5212
5492
5742
5714
5636
5636
5589
6510
6174
6524
6559
6488
6504
6771
6939
6398
6472
6553
6809
6971
6951
7087
8266
7815
7669
7833
8764
8786
8451
8621
8798
8786
8797
8989
8503
8814
8814
7867
8479
8540
7711
8540
8279
8650
8530
8303
8297
8276
8285
8492
8361
8471
8377
8605
8638
8086
8449
7765
7768
7765
7075
6938
7402
7505
7452
7450
7305
7491
7543
7169
7092
7058
6760
6433
6433
6436
6292
6465
6603
6603
6467
7156
7111
7093
7081
8397
7243
7646
10175
10079
9811
9376
9368
9159
9916
9916
9418
9423
9213
9678
9635
9785
9361
9603
9603
9603
9016
9352
9389
9020
9215
12223
12006
10413
12245
12887
12549
12549
12384
12432
12433
12251
12246
12149
12136
12487
12602
10987
11119
11734
11345
12544
12725
10358
11951
10820
11845
12272
12274
12231
12106
13179
11204
10767
12097
11181
11544
11375
10023
11420
10021
10022
10022
10926
9634
10462
10877
9512
9512
9488
10511
10872
9615
9626
9730
9668
9551
9568
9437
10231
10328
11206
11200
10558
11059
11298
9874
9873
10392
9524
9569
8623
8624
8617
9650
8031
8016
8550
7120
7126
8044
6738
6248
6807
6810
5693
5692
5552
6681
6759
6468
5320
6004
6334
5664
3265
3256
3770
4794
4339
3683
2441
3057
4544
3213
4634
2129
2123
2681
3069
1038
2182
3009
486
650
1394
61
375
459
0
0
0
0
0
0
0
0
0
0
0
0
0
1
0
0
0
1
1
1
0
0
0
0
0
0
0
0
0
0
0
0
0
0
0
0
0
0
0
0
0
0
0
0
0
0
1
0
0
0
0
0
1
0
0
1
0
0
1
0
0
0
0
0
0
0
0
1
0
0
0
0
0
0
0
0
0
0
0
0
0
0
0
0
0
0
0
0
0
0
0
0
0
0
0
0
0
0
0
0
0
0
0
0
0
1
0
0
0
0
0
0
0
0
0
0
0
0
0
0
3583
902
0
0
0
2301
2574
3007
1919
2077
2237
2693
2746
2796
4081
4399
4807
3095
3083
5569
5223
4650
5561
5616
6319
6383
2399
4870
4610
5598
5158
7182
3346
3141
2990
6987
7242
7530
7902
7349
1051
2427
3713
4771
5157
0
0
0
0
1
0
0
0
0
0
0
0
0
0
0
0
0
0
0
0
0
0
0
0
0
0
